770 1 12 0 0 2 3 1 3 4 2
770 1 12 0 1 2 3 1 3 2 2
770 1 12 0 2 2 3 1 3 3 2
770 1 12 0 3 2 3 1 3 1 2
770 1 12 0 4 2 3 10 3 4 2
770 1 12 0 5 2 3 10 3 2 2
770 1 12 0 6 2 3 10 3 3 2
770 1 12 0 7 2 3 10 3 1 2
770 1 12 0 8 2 3 10 3 4 3
770 1 12 0 9 2 3 10 3 2 3
770 1 12 0 10 2 3 10 3 3 3
770 1 12 0 11 2 3 10 3 1 3
770 1 12 0 12 2 3 10 3 4 4
770 1 12 0 13 2 3 10 3 2 4
770 1 12 0 14 2 3 10 3 3 4
770 1 12 0 15 2 3 10 3 1 4
770 1 12 0 16 2 3 10 1 1 4
770 1 12 0 17 2 3 10 1 3 4
770 1 12 0 18 2 3 10 1 2 4
770 1 12 0 19 2 3 10 1 4 4
770 1 12 0 20 2 3 10 1 1 3
770 1 12 0 21 2 3 10 1 3 3
770 1 12 0 22 2 3 10 1 2 3
770 1 12 0 23 2 3 10 1 4 3
770 1 12 0 24 2 3 10 1 1 2
770 1 12 0 25 2 3 10 1 3 2
770 1 12 0 26 2 3 10 1 2 2
770 1 12 0 27 2 3 10 1 4 2
770 1 12 0 28 2 3 1 1 1 2
770 1 12 0 29 2 3 1 1 3 2
770 1 12 0 30 2 3 1 1 2 2
770 1 12 0 31 2 3 1 1 4 2
770 1 12 1 0 2 3 10 3 4 5
770 1 12 1 1 2 3 10 3 2 5
770 1 12 1 2 2 3 10 3 3 5
770 1 12 1 3 2 3 10 3 1 5
770 1 12 1 4 2 3 10 3 4 6
770 1 12 1 5 2 3 10 3 2 6
770 1 12 1 6 2 3 10 3 3 6
770 1 12 1 7 2 3 10 3 1 6
770 1 12 1 8 2 3 10 3 4 7
770 1 12 1 9 2 3 10 3 2 7
770 1 12 1 10 2 3 10 3 3 7
770 1 12 1 11 2 3 10 3 1 7
770 1 12 1 12 2 3 10 3 4 8
770 1 12 1 13 2 3 10 3 2 8
770 1 12 1 14 2 3 10 3 3 8
770 1 12 1 15 2 3 10 3 1 8
770 1 12 1 16 2 3 10 1 1 8
770 1 12 1 17 2 3 10 1 3 8
770 1 12 1 18 2 3 10 1 2 8
770 1 12 1 19 2 3 10 1 4 8
770 1 12 1 20 2 3 10 1 1 7
770 1 12 1 21 2 3 10 1 3 7
770 1 12 1 22 2 3 10 1 2 7
770 1 12 1 23 2 3 10 1 4 7
770 1 12 1 24 2 3 10 1 1 6
770 1 12 1 25 2 3 10 1 3 6
770 1 12 1 26 2 3 10 1 2 6
770 1 12 1 27 2 3 10 1 4 6
770 1 12 1 28 2 3 10 1 1 5
770 1 12 1 29 2 3 10 1 3 5
770 1 12 1 30 2 3 10 1 2 5
770 1 12 1 31 2 3 10 1 4 5
770 1 12 2 0 2 3 10 3 4 9
770 1 12 2 1 2 3 10 3 2 9
770 1 12 2 2 2 3 10 3 3 9
770 1 12 2 3 2 3 10 3 1 9
770 1 12 2 4 2 3 10 3 4 10
770 1 12 2 5 2 3 10 3 2 10
770 1 12 2 6 2 3 10 3 3 10
770 1 12 2 7 2 3 10 3 1 10
770 1 12 2 8 2 3 10 3 4 11
770 1 12 2 9 2 3 10 3 2 11
770 1 12 2 10 2 3 10 3 3 11
770 1 12 2 11 2 3 10 3 1 11
770 1 12 2 12 2 3 10 3 4 12
770 1 12 2 13 2 3 10 3 2 12
770 1 12 2 14 2 3 10 3 3 12
770 1 12 2 15 2 3 10 3 1 12
770 1 12 2 16 2 3 10 1 1 12
770 1 12 2 17 2 3 10 1 3 12
770 1 12 2 18 2 3 10 1 2 12
770 1 12 2 19 2 3 10 1 4 12
770 1 12 2 20 2 3 10 1 1 11
770 1 12 2 21 2 3 10 1 3 11
770 1 12 2 22 2 3 10 1 2 11
770 1 12 2 23 2 3 10 1 4 11
770 1 12 2 24 2 3 10 1 1 10
770 1 12 2 25 2 3 10 1 3 10
770 1 12 2 26 2 3 10 1 2 10
770 1 12 2 27 2 3 10 1 4 10
770 1 12 2 28 2 3 10 1 1 9
770 1 12 2 29 2 3 10 1 3 9
770 1 12 2 30 2 3 10 1 2 9
770 1 12 2 31 2 3 10 1 4 9
770 1 12 3 0 2 3 10 3 4 13
770 1 12 3 1 2 3 10 3 2 13
770 1 12 3 2 2 3 10 3 3 13
770 1 12 3 3 2 3 10 3 1 13
770 1 12 3 4 2 3 10 3 4 14
770 1 12 3 5 2 3 10 3 2 14
770 1 12 3 6 2 3 10 3 3 14
770 1 12 3 7 2 3 10 3 1 14
770 1 12 3 8 2 3 10 3 4 15
770 1 12 3 9 2 3 10 3 2 15
770 1 12 3 10 2 3 10 3 3 15
770 1 12 3 11 2 3 10 3 1 15
770 1 12 3 12 2 3 10 3 4 16
770 1 12 3 13 2 3 10 3 2 16
770 1 12 3 14 2 3 10 3 3 16
770 1 12 3 15 2 3 10 3 1 16
770 1 12 3 16 2 3 10 1 1 16
770 1 12 3 17 2 3 10 1 3 16
770 1 12 3 18 2 3 10 1 2 16
770 1 12 3 19 2 3 10 1 4 16
770 1 12 3 20 2 3 10 1 1 15
770 1 12 3 21 2 3 10 1 3 15
770 1 12 3 22 2 3 10 1 2 15
770 1 12 3 23 2 3 10 1 4 15
770 1 12 3 24 2 3 10 1 1 14
770 1 12 3 25 2 3 10 1 3 14
770 1 12 3 26 2 3 10 1 2 14
770 1 12 3 27 2 3 10 1 4 14
770 1 12 3 28 2 3 10 1 1 13
770 1 12 3 29 2 3 10 1 3 13
770 1 12 3 30 2 3 10 1 2 13
770 1 12 3 31 2 3 10 1 4 13
770 1 13 0 0 2 3 10 3 4 17
770 1 13 0 1 2 3 10 3 2 17
770 1 13 0 2 2 3 10 3 3 17
770 1 13 0 3 2 3 10 3 1 17
770 1 13 0 4 2 3 10 3 4 18
770 1 13 0 5 2 3 10 3 2 18
770 1 13 0 6 2 3 10 3 3 18
770 1 13 0 7 2 3 10 3 1 18
770 1 13 0 8 2 3 10 3 4 19
770 1 13 0 9 2 3 10 3 2 19
770 1 13 0 10 2 3 10 3 3 19
770 1 13 0 11 2 3 10 3 1 19
770 1 13 0 12 2 3 10 3 4 20
770 1 13 0 13 2 3 10 3 2 20
770 1 13 0 14 2 3 10 3 3 20
770 1 13 0 15 2 3 10 3 1 20
770 1 13 0 16 2 3 10 1 1 20
770 1 13 0 17 2 3 10 1 3 20
770 1 13 0 18 2 3 10 1 2 20
770 1 13 0 19 2 3 10 1 4 20
770 1 13 0 20 2 3 10 1 1 19
770 1 13 0 21 2 3 10 1 3 19
770 1 13 0 22 2 3 10 1 2 19
770 1 13 0 23 2 3 10 1 4 19
770 1 13 0 24 2 3 10 1 1 18
770 1 13 0 25 2 3 10 1 3 18
770 1 13 0 26 2 3 10 1 2 18
770 1 13 0 27 2 3 10 1 4 18
770 1 13 0 28 2 3 10 1 1 17
770 1 13 0 29 2 3 10 1 3 17
770 1 13 0 30 2 3 10 1 2 17
770 1 13 0 31 2 3 10 1 4 17
770 1 13 1 0 2 3 10 3 4 21
770 1 13 1 1 2 3 10 3 2 21
770 1 13 1 2 2 3 10 3 3 21
770 1 13 1 3 2 3 10 3 1 21
770 1 13 1 4 2 3 10 3 4 22
770 1 13 1 5 2 3 10 3 2 22
770 1 13 1 6 2 3 10 3 3 22
770 1 13 1 7 2 3 10 3 1 22
770 1 13 1 8 2 3 10 3 4 23
770 1 13 1 9 2 3 10 3 2 23
770 1 13 1 10 2 3 10 3 3 23
770 1 13 1 11 2 3 10 3 1 23
770 1 13 1 12 2 3 10 3 4 24
770 1 13 1 13 2 3 10 3 2 24
770 1 13 1 14 2 3 10 3 3 24
770 1 13 1 15 2 3 10 3 1 24
770 1 13 1 16 2 3 10 1 1 24
770 1 13 1 17 2 3 10 1 3 24
770 1 13 1 18 2 3 10 1 2 24
770 1 13 1 19 2 3 10 1 4 24
770 1 13 1 20 2 3 10 1 1 23
770 1 13 1 21 2 3 10 1 3 23
770 1 13 1 22 2 3 10 1 2 23
770 1 13 1 23 2 3 10 1 4 23
770 1 13 1 24 2 3 10 1 1 22
770 1 13 1 25 2 3 10 1 3 22
770 1 13 1 26 2 3 10 1 2 22
770 1 13 1 27 2 3 10 1 4 22
770 1 13 1 28 2 3 10 1 1 21
770 1 13 1 29 2 3 10 1 3 21
770 1 13 1 30 2 3 10 1 2 21
770 1 13 1 31 2 3 10 1 4 21
770 1 13 2 0 2 3 10 3 4 25
770 1 13 2 1 2 3 10 3 2 25
770 1 13 2 2 2 3 10 3 3 25
770 1 13 2 3 2 3 10 3 1 25
770 1 13 2 4 2 3 10 3 4 26
770 1 13 2 5 2 3 10 3 2 26
770 1 13 2 6 2 3 10 3 3 26
770 1 13 2 7 2 3 10 3 1 26
770 1 13 2 8 2 3 10 3 4 27
770 1 13 2 9 2 3 10 3 2 27
770 1 13 2 10 2 3 10 3 3 27
770 1 13 2 11 2 3 10 3 1 27
770 1 13 2 12 2 3 10 3 4 28
770 1 13 2 13 2 3 10 3 2 28
770 1 13 2 14 2 3 10 3 3 28
770 1 13 2 15 2 3 10 3 1 28
770 1 13 2 16 2 3 10 1 1 28
770 1 13 2 17 2 3 10 1 3 28
770 1 13 2 18 2 3 10 1 2 28
770 1 13 2 19 2 3 10 1 4 28
770 1 13 2 20 2 3 10 1 1 27
770 1 13 2 21 2 3 10 1 3 27
770 1 13 2 22 2 3 10 1 2 27
770 1 13 2 23 2 3 10 1 4 27
770 1 13 2 24 2 3 10 1 1 26
770 1 13 2 25 2 3 10 1 3 26
770 1 13 2 26 2 3 10 1 2 26
770 1 13 2 27 2 3 10 1 4 26
770 1 13 2 28 2 3 10 1 1 25
770 1 13 2 29 2 3 10 1 3 25
770 1 13 2 30 2 3 10 1 2 25
770 1 13 2 31 2 3 10 1 4 25
770 1 13 3 0 2 3 10 3 4 29
770 1 13 3 1 2 3 10 3 2 29
770 1 13 3 2 2 3 10 3 3 29
770 1 13 3 3 2 3 10 3 1 29
770 1 13 3 4 2 3 10 3 4 30
770 1 13 3 5 2 3 10 3 2 30
770 1 13 3 6 2 3 10 3 3 30
770 1 13 3 7 2 3 10 3 1 30
770 1 13 3 8 2 3 10 3 4 31
770 1 13 3 9 2 3 10 3 2 31
770 1 13 3 10 2 3 10 3 3 31
770 1 13 3 11 2 3 10 3 1 31
770 1 13 3 12 2 3 10 3 4 32
770 1 13 3 13 2 3 10 3 2 32
770 1 13 3 14 2 3 10 3 3 32
770 1 13 3 15 2 3 10 3 1 32
770 1 13 3 16 2 3 10 1 1 32
770 1 13 3 17 2 3 10 1 3 32
770 1 13 3 18 2 3 10 1 2 32
770 1 13 3 19 2 3 10 1 4 32
770 1 13 3 20 2 3 10 1 1 31
770 1 13 3 21 2 3 10 1 3 31
770 1 13 3 22 2 3 10 1 2 31
770 1 13 3 23 2 3 10 1 4 31
770 1 13 3 24 2 3 10 1 1 30
770 1 13 3 25 2 3 10 1 3 30
770 1 13 3 26 2 3 10 1 2 30
770 1 13 3 27 2 3 10 1 4 30
770 1 13 3 28 2 3 10 1 1 29
770 1 13 3 29 2 3 10 1 3 29
770 1 13 3 30 2 3 10 1 2 29
770 1 13 3 31 2 3 10 1 4 29
770 1 14 0 0 2 3 10 3 4 33
770 1 14 0 1 2 3 10 3 2 33
770 1 14 0 2 2 3 10 3 3 33
770 1 14 0 3 2 3 10 3 1 33
770 1 14 0 4 2 3 10 3 4 34
770 1 14 0 5 2 3 10 3 2 34
770 1 14 0 6 2 3 10 3 3 34
770 1 14 0 7 2 3 10 3 1 34
770 1 14 0 8 2 3 10 3 4 35
770 1 14 0 9 2 3 10 3 2 35
770 1 14 0 10 2 3 10 3 3 35
770 1 14 0 11 2 3 10 3 1 35
770 1 14 0 12 2 3 10 3 4 36
770 1 14 0 13 2 3 10 3 2 36
770 1 14 0 14 2 3 10 3 3 36
770 1 14 0 15 2 3 10 3 1 36
770 1 14 0 16 2 3 10 1 1 36
770 1 14 0 17 2 3 10 1 3 36
770 1 14 0 18 2 3 10 1 2 36
770 1 14 0 19 2 3 10 1 4 36
770 1 14 0 20 2 3 10 1 1 35
770 1 14 0 21 2 3 10 1 3 35
770 1 14 0 22 2 3 10 1 2 35
770 1 14 0 23 2 3 10 1 4 35
770 1 14 0 24 2 3 10 1 1 34
770 1 14 0 25 2 3 10 1 3 34
770 1 14 0 26 2 3 10 1 2 34
770 1 14 0 27 2 3 10 1 4 34
770 1 14 0 28 2 3 10 1 1 33
770 1 14 0 29 2 3 10 1 3 33
770 1 14 0 30 2 3 10 1 2 33
770 1 14 0 31 2 3 10 1 4 33
770 1 14 1 0 2 3 10 3 4 37
770 1 14 1 1 2 3 10 3 2 37
770 1 14 1 2 2 3 10 3 3 37
770 1 14 1 3 2 3 10 3 1 37
770 1 14 1 4 2 3 10 3 4 38
770 1 14 1 5 2 3 10 3 2 38
770 1 14 1 6 2 3 10 3 3 38
770 1 14 1 7 2 3 10 3 1 38
770 1 14 1 8 2 3 10 3 4 39
770 1 14 1 9 2 3 10 3 2 39
770 1 14 1 10 2 3 10 3 3 39
770 1 14 1 11 2 3 10 3 1 39
770 1 14 1 12 2 3 10 3 4 40
770 1 14 1 13 2 3 10 3 2 40
770 1 14 1 14 2 3 10 3 3 40
770 1 14 1 15 2 3 10 3 1 40
770 1 14 1 16 2 3 10 1 1 40
770 1 14 1 17 2 3 10 1 3 40
770 1 14 1 18 2 3 10 1 2 40
770 1 14 1 19 2 3 10 1 4 40
770 1 14 1 20 2 3 10 1 1 39
770 1 14 1 21 2 3 10 1 3 39
770 1 14 1 22 2 3 10 1 2 39
770 1 14 1 23 2 3 10 1 4 39
770 1 14 1 24 2 3 10 1 1 38
770 1 14 1 25 2 3 10 1 3 38
770 1 14 1 26 2 3 10 1 2 38
770 1 14 1 27 2 3 10 1 4 38
770 1 14 1 28 2 3 10 1 1 37
770 1 14 1 29 2 3 10 1 3 37
770 1 14 1 30 2 3 10 1 2 37
770 1 14 1 31 2 3 10 1 4 37
770 1 14 2 0 2 3 10 3 4 41
770 1 14 2 1 2 3 10 3 2 41
770 1 14 2 2 2 3 10 3 3 41
770 1 14 2 3 2 3 10 3 1 41
770 1 14 2 4 2 3 10 3 4 42
770 1 14 2 5 2 3 10 3 2 42
770 1 14 2 6 2 3 10 3 3 42
770 1 14 2 7 2 3 10 3 1 42
770 1 14 2 8 2 3 10 3 4 43
770 1 14 2 9 2 3 10 3 2 43
770 1 14 2 10 2 3 10 3 3 43
770 1 14 2 11 2 3 10 3 1 43
770 1 14 2 12 2 3 10 3 4 44
770 1 14 2 13 2 3 10 3 2 44
770 1 14 2 14 2 3 10 3 3 44
770 1 14 2 15 2 3 10 3 1 44
770 1 14 2 16 2 3 10 1 1 44
770 1 14 2 17 2 3 10 1 3 44
770 1 14 2 18 2 3 10 1 2 44
770 1 14 2 19 2 3 10 1 4 44
770 1 14 2 20 2 3 10 1 1 43
770 1 14 2 21 2 3 10 1 3 43
770 1 14 2 22 2 3 10 1 2 43
770 1 14 2 23 2 3 10 1 4 43
770 1 14 2 24 2 3 10 1 1 42
770 1 14 2 25 2 3 10 1 3 42
770 1 14 2 26 2 3 10 1 2 42
770 1 14 2 27 2 3 10 1 4 42
770 1 14 2 28 2 3 10 1 1 41
770 1 14 2 29 2 3 10 1 3 41
770 1 14 2 30 2 3 10 1 2 41
770 1 14 2 31 2 3 10 1 4 41
770 1 14 3 0 2 3 10 3 4 45
770 1 14 3 1 2 3 10 3 2 45
770 1 14 3 2 2 3 10 3 3 45
770 1 14 3 3 2 3 10 3 1 45
770 1 14 3 4 2 3 10 3 4 46
770 1 14 3 5 2 3 10 3 2 46
770 1 14 3 6 2 3 10 3 3 46
770 1 14 3 7 2 3 10 3 1 46
770 1 14 3 8 2 3 10 3 4 47
770 1 14 3 9 2 3 10 3 2 47
770 1 14 3 10 2 3 10 3 3 47
770 1 14 3 11 2 3 10 3 1 47
770 1 14 3 12 2 3 10 3 4 48
770 1 14 3 13 2 3 10 3 2 48
770 1 14 3 14 2 3 10 3 3 48
770 1 14 3 15 2 3 10 3 1 48
770 1 14 3 16 2 3 10 1 1 48
770 1 14 3 17 2 3 10 1 3 48
770 1 14 3 18 2 3 10 1 2 48
770 1 14 3 19 2 3 10 1 4 48
770 1 14 3 20 2 3 10 1 1 47
770 1 14 3 21 2 3 10 1 3 47
770 1 14 3 22 2 3 10 1 2 47
770 1 14 3 23 2 3 10 1 4 47
770 1 14 3 24 2 3 10 1 1 46
770 1 14 3 25 2 3 10 1 3 46
770 1 14 3 26 2 3 10 1 2 46
770 1 14 3 27 2 3 10 1 4 46
770 1 14 3 28 2 3 10 1 1 45
770 1 14 3 29 2 3 10 1 3 45
770 1 14 3 30 2 3 10 1 2 45
770 1 14 3 31 2 3 10 1 4 45
770 1 24 0 0 2 3 10 3 4 49
770 1 24 0 1 2 3 10 3 2 49
770 1 24 0 2 2 3 10 3 3 49
770 1 24 0 3 2 3 10 3 1 49
770 1 24 0 4 2 3 10 3 4 50
770 1 24 0 5 2 3 10 3 2 50
770 1 24 0 6 2 3 10 3 3 50
770 1 24 0 7 2 3 10 3 1 50
770 1 24 0 8 2 3 10 3 4 51
770 1 24 0 9 2 3 10 3 2 51
770 1 24 0 10 2 3 10 3 3 51
770 1 24 0 11 2 3 10 3 1 51
770 1 24 0 12 2 3 10 3 4 52
770 1 24 0 13 2 3 10 3 2 52
770 1 24 0 14 2 3 10 3 3 52
770 1 24 0 15 2 3 10 3 1 52
770 1 24 0 16 2 3 10 1 1 52
770 1 24 0 17 2 3 10 1 3 52
770 1 24 0 18 2 3 10 1 2 52
770 1 24 0 19 2 3 10 1 4 52
770 1 24 0 20 2 3 10 1 1 51
770 1 24 0 21 2 3 10 1 3 51
770 1 24 0 22 2 3 10 1 2 51
770 1 24 0 23 2 3 10 1 4 51
770 1 24 0 24 2 3 10 1 1 50
770 1 24 0 25 2 3 10 1 3 50
770 1 24 0 26 2 3 10 1 2 50
770 1 24 0 27 2 3 10 1 4 50
770 1 24 0 28 2 3 10 1 1 49
770 1 24 0 29 2 3 10 1 3 49
770 1 24 0 30 2 3 10 1 2 49
770 1 24 0 31 2 3 10 1 4 49
770 1 24 1 0 2 3 10 3 4 53
770 1 24 1 1 2 3 10 3 2 53
770 1 24 1 2 2 3 10 3 3 53
770 1 24 1 3 2 3 10 3 1 53
770 1 24 1 4 2 3 10 3 4 54
770 1 24 1 5 2 3 10 3 2 54
770 1 24 1 6 2 3 10 3 3 54
770 1 24 1 7 2 3 10 3 1 54
770 1 24 1 8 2 3 10 3 4 55
770 1 24 1 9 2 3 10 3 2 55
770 1 24 1 10 2 3 10 3 3 55
770 1 24 1 11 2 3 10 3 1 55
770 1 24 1 12 2 3 10 3 4 56
770 1 24 1 13 2 3 10 3 2 56
770 1 24 1 14 2 3 10 3 3 56
770 1 24 1 15 2 3 10 3 1 56
770 1 24 1 16 2 3 10 1 1 56
770 1 24 1 17 2 3 10 1 3 56
770 1 24 1 18 2 3 10 1 2 56
770 1 24 1 19 2 3 10 1 4 56
770 1 24 1 20 2 3 10 1 1 55
770 1 24 1 21 2 3 10 1 3 55
770 1 24 1 22 2 3 10 1 2 55
770 1 24 1 23 2 3 10 1 4 55
770 1 24 1 24 2 3 10 1 1 54
770 1 24 1 25 2 3 10 1 3 54
770 1 24 1 26 2 3 10 1 2 54
770 1 24 1 27 2 3 10 1 4 54
770 1 24 1 28 2 3 10 1 1 53
770 1 24 1 29 2 3 10 1 3 53
770 1 24 1 30 2 3 10 1 2 53
770 1 24 1 31 2 3 10 1 4 53
770 1 24 2 0 2 3 10 3 4 57
770 1 24 2 1 2 3 10 3 2 57
770 1 24 2 2 2 3 10 3 3 57
770 1 24 2 3 2 3 10 3 1 57
770 1 24 2 4 2 3 10 3 4 58
770 1 24 2 5 2 3 10 3 2 58
770 1 24 2 6 2 3 10 3 3 58
770 1 24 2 7 2 3 10 3 1 58
770 1 24 2 8 2 3 10 3 4 59
770 1 24 2 9 2 3 10 3 2 59
770 1 24 2 10 2 3 10 3 3 59
770 1 24 2 11 2 3 10 3 1 59
770 1 24 2 12 2 3 10 3 4 60
770 1 24 2 13 2 3 10 3 2 60
770 1 24 2 14 2 3 10 3 3 60
770 1 24 2 15 2 3 10 3 1 60
770 1 24 2 16 2 3 10 1 1 60
770 1 24 2 17 2 3 10 1 3 60
770 1 24 2 18 2 3 10 1 2 60
770 1 24 2 19 2 3 10 1 4 60
770 1 24 2 20 2 3 10 1 1 59
770 1 24 2 21 2 3 10 1 3 59
770 1 24 2 22 2 3 10 1 2 59
770 1 24 2 23 2 3 10 1 4 59
770 1 24 2 24 2 3 10 1 1 58
770 1 24 2 25 2 3 10 1 3 58
770 1 24 2 26 2 3 10 1 2 58
770 1 24 2 27 2 3 10 1 4 58
770 1 24 2 28 2 3 10 1 1 57
770 1 24 2 29 2 3 10 1 3 57
770 1 24 2 30 2 3 10 1 2 57
770 1 24 2 31 2 3 10 1 4 57
770 1 24 3 0 2 3 10 3 4 61
770 1 24 3 1 2 3 10 3 2 61
770 1 24 3 2 2 3 10 3 3 61
770 1 24 3 3 2 3 10 3 1 61
770 1 24 3 4 2 3 10 3 4 62
770 1 24 3 5 2 3 10 3 2 62
770 1 24 3 6 2 3 10 3 3 62
770 1 24 3 7 2 3 10 3 1 62
770 1 24 3 8 2 3 10 3 4 63
770 1 24 3 9 2 3 10 3 2 63
770 1 24 3 10 2 3 10 3 3 63
770 1 24 3 11 2 3 10 3 1 63
770 1 24 3 12 2 3 10 3 4 64
770 1 24 3 13 2 3 10 3 2 64
770 1 24 3 14 2 3 10 3 3 64
770 1 24 3 15 2 3 10 3 1 64
770 1 24 3 16 2 3 10 1 1 64
770 1 24 3 17 2 3 10 1 3 64
770 1 24 3 18 2 3 10 1 2 64
770 1 24 3 19 2 3 10 1 4 64
770 1 24 3 20 2 3 10 1 1 63
770 1 24 3 21 2 3 10 1 3 63
770 1 24 3 22 2 3 10 1 2 63
770 1 24 3 23 2 3 10 1 4 63
770 1 24 3 24 2 3 10 1 1 62
770 1 24 3 25 2 3 10 1 3 62
770 1 24 3 26 2 3 10 1 2 62
770 1 24 3 27 2 3 10 1 4 62
770 1 24 3 28 2 3 10 1 1 61
770 1 24 3 29 2 3 10 1 3 61
770 1 24 3 30 2 3 10 1 2 61
770 1 24 3 31 2 3 10 1 4 61
770 1 15 0 0 2 3 10 3 4 65
770 1 15 0 1 2 3 10 3 2 65
770 1 15 0 2 2 3 10 3 3 65
770 1 15 0 3 2 3 10 3 1 65
770 1 15 0 4 2 3 10 3 4 66
770 1 15 0 5 2 3 10 3 2 66
770 1 15 0 6 2 3 10 3 3 66
770 1 15 0 7 2 3 10 3 1 66
770 1 15 0 8 2 3 10 3 4 67
770 1 15 0 9 2 3 10 3 2 67
770 1 15 0 10 2 3 10 3 3 67
770 1 15 0 11 2 3 10 3 1 67
770 1 15 0 12 2 3 10 3 4 68
770 1 15 0 13 2 3 10 3 2 68
770 1 15 0 14 2 3 10 3 3 68
770 1 15 0 15 2 3 10 3 1 68
770 1 15 0 16 2 3 10 1 1 68
770 1 15 0 17 2 3 10 1 3 68
770 1 15 0 18 2 3 10 1 2 68
770 1 15 0 19 2 3 10 1 4 68
770 1 15 0 20 2 3 10 1 1 67
770 1 15 0 21 2 3 10 1 3 67
770 1 15 0 22 2 3 10 1 2 67
770 1 15 0 23 2 3 10 1 4 67
770 1 15 0 24 2 3 10 1 1 66
770 1 15 0 25 2 3 10 1 3 66
770 1 15 0 26 2 3 10 1 2 66
770 1 15 0 27 2 3 10 1 4 66
770 1 15 0 28 2 3 10 1 1 65
770 1 15 0 29 2 3 10 1 3 65
770 1 15 0 30 2 3 10 1 2 65
770 1 15 0 31 2 3 10 1 4 65
770 1 15 1 0 2 3 10 3 4 69
770 1 15 1 1 2 3 10 3 2 69
770 1 15 1 2 2 3 10 3 3 69
770 1 15 1 3 2 3 10 3 1 69
770 1 15 1 4 2 3 10 3 4 70
770 1 15 1 5 2 3 10 3 2 70
770 1 15 1 6 2 3 10 3 3 70
770 1 15 1 7 2 3 10 3 1 70
770 1 15 1 8 2 3 10 3 4 71
770 1 15 1 9 2 3 10 3 2 71
770 1 15 1 10 2 3 10 3 3 71
770 1 15 1 11 2 3 10 3 1 71
770 1 15 1 12 2 3 1 3 4 71
770 1 15 1 13 2 3 1 3 2 71
770 1 15 1 14 2 3 1 3 3 71
770 1 15 1 15 2 3 1 3 1 71
770 1 15 1 16 2 3 1 1 1 71
770 1 15 1 17 2 3 1 1 3 71
770 1 15 1 18 2 3 1 1 2 71
770 1 15 1 19 2 3 1 1 4 71
770 1 15 1 20 2 3 10 1 1 71
770 1 15 1 21 2 3 10 1 3 71
770 1 15 1 22 2 3 10 1 2 71
770 1 15 1 23 2 3 10 1 4 71
770 1 15 1 24 2 3 10 1 1 70
770 1 15 1 25 2 3 10 1 3 70
770 1 15 1 26 2 3 10 1 2 70
770 1 15 1 27 2 3 10 1 4 70
770 1 15 1 28 2 3 10 1 1 69
770 1 15 1 29 2 3 10 1 3 69
770 1 15 1 30 2 3 10 1 2 69
770 1 15 1 31 2 3 10 1 4 69
770 1 15 2 0 2 3 1 3 4 69
770 1 15 2 1 2 3 1 3 2 69
770 1 15 2 2 2 3 1 3 3 69
770 1 15 2 3 2 3 1 3 1 69
770 1 15 2 4 2 3 1 3 4 70
770 1 15 2 5 2 3 1 3 2 70
770 1 15 2 6 2 3 1 3 3 70
770 1 15 2 7 2 3 1 3 1 70
770 1 15 2 8 2 3 1 3 4 71
770 1 15 2 9 2 3 1 3 2 71
770 1 15 2 10 2 3 1 3 3 71
770 1 15 2 11 2 3 1 3 1 71
770 1 15 2 12 2 3 1 3 4 71
770 1 15 2 13 2 3 1 3 2 71
770 1 15 2 14 2 3 1 3 3 71
770 1 15 2 15 2 3 1 3 1 71
770 1 15 2 16 2 3 1 1 1 71
770 1 15 2 17 2 3 1 1 3 71
770 1 15 2 18 2 3 1 1 2 71
770 1 15 2 19 2 3 1 1 4 71
770 1 15 2 20 2 3 1 1 1 71
770 1 15 2 21 2 3 1 1 3 71
770 1 15 2 22 2 3 1 1 2 71
770 1 15 2 23 2 3 1 1 4 71
770 1 15 2 24 2 3 1 1 1 70
770 1 15 2 25 2 3 1 1 3 70
770 1 15 2 26 2 3 1 1 2 70
770 1 15 2 27 2 3 1 1 4 70
770 1 15 2 28 2 3 1 1 1 69
770 1 15 2 29 2 3 1 1 3 69
770 1 15 2 30 2 3 1 1 2 69
770 1 15 2 31 2 3 1 1 4 69
770 1 15 3 0 2 3 1 3 4 69
770 1 15 3 1 2 3 1 3 2 69
770 1 15 3 2 2 3 1 3 3 69
770 1 15 3 3 2 3 1 3 1 69
770 1 15 3 4 2 3 1 3 4 70
770 1 15 3 5 2 3 1 3 2 70
770 1 15 3 6 2 3 1 3 3 70
770 1 15 3 7 2 3 1 3 1 70
770 1 15 3 8 2 3 1 3 4 71
770 1 15 3 9 2 3 1 3 2 71
770 1 15 3 10 2 3 1 3 3 71
770 1 15 3 11 2 3 1 3 1 71
770 1 15 3 12 2 3 1 3 4 71
770 1 15 3 13 2 3 1 3 2 71
770 1 15 3 14 2 3 1 3 3 71
770 1 15 3 15 2 3 1 3 1 71
770 1 15 3 16 2 3 1 1 1 71
770 1 15 3 17 2 3 1 1 3 71
770 1 15 3 18 2 3 1 1 2 71
770 1 15 3 19 2 3 1 1 4 71
770 1 15 3 20 2 3 1 1 1 71
770 1 15 3 21 2 3 1 1 3 71
770 1 15 3 22 2 3 1 1 2 71
770 1 15 3 23 2 3 1 1 4 71
770 1 15 3 24 2 3 1 1 1 70
770 1 15 3 25 2 3 1 1 3 70
770 1 15 3 26 2 3 1 1 2 70
770 1 15 3 27 2 3 1 1 4 70
770 1 15 3 28 2 3 1 1 1 69
770 1 15 3 29 2 3 1 1 3 69
770 1 15 3 30 2 3 1 1 2 69
770 1 15 3 31 2 3 1 1 4 69
770 1 16 0 0 2 3 10 2 4 17
770 1 16 0 1 2 3 10 2 2 17
770 1 16 0 2 2 3 10 2 3 17
770 1 16 0 3 2 3 10 2 1 17
770 1 16 0 4 2 3 10 2 4 18
770 1 16 0 5 2 3 10 2 2 18
770 1 16 0 6 2 3 10 2 3 18
770 1 16 0 7 2 3 10 2 1 18
770 1 16 0 8 2 3 10 2 4 19
770 1 16 0 9 2 3 10 2 2 19
770 1 16 0 10 2 3 10 2 3 19
770 1 16 0 11 2 3 10 2 1 19
770 1 16 0 12 2 3 10 2 4 20
770 1 16 0 13 2 3 10 2 2 20
770 1 16 0 14 2 3 10 2 3 20
770 1 16 0 15 2 3 10 2 1 20
770 1 16 0 16 2 3 10 2 1 4
770 1 16 0 17 2 3 10 2 3 4
770 1 16 0 18 2 3 10 2 2 4
770 1 16 0 19 2 3 10 2 4 4
770 1 16 0 20 2 3 10 2 1 3
770 1 16 0 21 2 3 10 2 3 3
770 1 16 0 22 2 3 10 2 2 3
770 1 16 0 23 2 3 10 2 4 3
770 1 16 0 24 2 3 10 2 1 2
770 1 16 0 25 2 3 10 2 3 2
770 1 16 0 26 2 3 10 2 2 2
770 1 16 0 27 2 3 10 2 4 2
770 1 16 0 28 2 3 1 2 1 2
770 1 16 0 29 2 3 1 2 3 2
770 1 16 0 30 2 3 1 2 2 2
770 1 16 0 31 2 3 1 2 4 2
770 1 16 1 0 2 3 10 2 4 21
770 1 16 1 1 2 3 10 2 2 21
770 1 16 1 2 2 3 10 2 3 21
770 1 16 1 3 2 3 10 2 1 21
770 1 16 1 4 2 3 10 2 4 22
770 1 16 1 5 2 3 10 2 2 22
770 1 16 1 6 2 3 10 2 3 22
770 1 16 1 7 2 3 10 2 1 22
770 1 16 1 8 2 3 10 2 4 23
770 1 16 1 9 2 3 10 2 2 23
770 1 16 1 10 2 3 10 2 3 23
770 1 16 1 11 2 3 10 2 1 23
770 1 16 1 12 2 3 10 2 4 24
770 1 16 1 13 2 3 10 2 2 24
770 1 16 1 14 2 3 10 2 3 24
770 1 16 1 15 2 3 10 2 1 24
770 1 16 1 16 2 3 10 2 1 8
770 1 16 1 17 2 3 10 2 3 8
770 1 16 1 18 2 3 10 2 2 8
770 1 16 1 19 2 3 10 2 4 8
770 1 16 1 20 2 3 10 2 1 7
770 1 16 1 21 2 3 10 2 3 7
770 1 16 1 22 2 3 10 2 2 7
770 1 16 1 23 2 3 10 2 4 7
770 1 16 1 24 2 3 10 2 1 6
770 1 16 1 25 2 3 10 2 3 6
770 1 16 1 26 2 3 10 2 2 6
770 1 16 1 27 2 3 10 2 4 6
770 1 16 1 28 2 3 10 2 1 5
770 1 16 1 29 2 3 10 2 3 5
770 1 16 1 30 2 3 10 2 2 5
770 1 16 1 31 2 3 10 2 4 5
770 1 16 2 0 2 3 10 2 4 25
770 1 16 2 1 2 3 10 2 2 25
770 1 16 2 2 2 3 10 2 3 25
770 1 16 2 3 2 3 10 2 1 25
770 1 16 2 4 2 3 10 2 4 26
770 1 16 2 5 2 3 10 2 2 26
770 1 16 2 6 2 3 10 2 3 26
770 1 16 2 7 2 3 10 2 1 26
770 1 16 2 8 2 3 10 2 4 27
770 1 16 2 9 2 3 10 2 2 27
770 1 16 2 10 2 3 10 2 3 27
770 1 16 2 11 2 3 10 2 1 27
770 1 16 2 12 2 3 10 2 4 28
770 1 16 2 13 2 3 10 2 2 28
770 1 16 2 14 2 3 10 2 3 28
770 1 16 2 15 2 3 10 2 1 28
770 1 16 2 16 2 3 10 2 1 12
770 1 16 2 17 2 3 10 2 3 12
770 1 16 2 18 2 3 10 2 2 12
770 1 16 2 19 2 3 10 2 4 12
770 1 16 2 20 2 3 10 2 1 11
770 1 16 2 21 2 3 10 2 3 11
770 1 16 2 22 2 3 10 2 2 11
770 1 16 2 23 2 3 10 2 4 11
770 1 16 2 24 2 3 10 2 1 10
770 1 16 2 25 2 3 10 2 3 10
770 1 16 2 26 2 3 10 2 2 10
770 1 16 2 27 2 3 10 2 4 10
770 1 16 2 28 2 3 10 2 1 9
770 1 16 2 29 2 3 10 2 3 9
770 1 16 2 30 2 3 10 2 2 9
770 1 16 2 31 2 3 10 2 4 9
770 1 16 3 0 2 3 10 2 4 29
770 1 16 3 1 2 3 10 2 2 29
770 1 16 3 2 2 3 10 2 3 29
770 1 16 3 3 2 3 10 2 1 29
770 1 16 3 4 2 3 10 2 4 30
770 1 16 3 5 2 3 10 2 2 30
770 1 16 3 6 2 3 10 2 3 30
770 1 16 3 7 2 3 10 2 1 30
770 1 16 3 8 2 3 10 2 4 31
770 1 16 3 9 2 3 10 2 2 31
770 1 16 3 10 2 3 10 2 3 31
770 1 16 3 11 2 3 10 2 1 31
770 1 16 3 12 2 3 10 2 4 32
770 1 16 3 13 2 3 10 2 2 32
770 1 16 3 14 2 3 10 2 3 32
770 1 16 3 15 2 3 10 2 1 32
770 1 16 3 16 2 3 10 2 1 16
770 1 16 3 17 2 3 10 2 3 16
770 1 16 3 18 2 3 10 2 2 16
770 1 16 3 19 2 3 10 2 4 16
770 1 16 3 20 2 3 10 2 1 15
770 1 16 3 21 2 3 10 2 3 15
770 1 16 3 22 2 3 10 2 2 15
770 1 16 3 23 2 3 10 2 4 15
770 1 16 3 24 2 3 10 2 1 14
770 1 16 3 25 2 3 10 2 3 14
770 1 16 3 26 2 3 10 2 2 14
770 1 16 3 27 2 3 10 2 4 14
770 1 16 3 28 2 3 10 2 1 13
770 1 16 3 29 2 3 10 2 3 13
770 1 16 3 30 2 3 10 2 2 13
770 1 16 3 31 2 3 10 2 4 13
770 1 17 0 0 2 3 10 2 4 49
770 1 17 0 1 2 3 10 2 2 49
770 1 17 0 2 2 3 10 2 3 49
770 1 17 0 3 2 3 10 2 1 49
770 1 17 0 4 2 3 10 2 4 50
770 1 17 0 5 2 3 10 2 2 50
770 1 17 0 6 2 3 10 2 3 50
770 1 17 0 7 2 3 10 2 1 50
770 1 17 0 8 2 3 10 2 4 51
770 1 17 0 9 2 3 10 2 2 51
770 1 17 0 10 2 3 10 2 3 51
770 1 17 0 11 2 3 10 2 1 51
770 1 17 0 12 2 3 10 2 4 52
770 1 17 0 13 2 3 10 2 2 52
770 1 17 0 14 2 3 10 2 3 52
770 1 17 0 15 2 3 10 2 1 52
770 1 17 0 16 2 3 10 2 1 36
770 1 17 0 17 2 3 10 2 3 36
770 1 17 0 18 2 3 10 2 2 36
770 1 17 0 19 2 3 10 2 4 36
770 1 17 0 20 2 3 10 2 1 35
770 1 17 0 21 2 3 10 2 3 35
770 1 17 0 22 2 3 10 2 2 35
770 1 17 0 23 2 3 10 2 4 35
770 1 17 0 24 2 3 10 2 1 34
770 1 17 0 25 2 3 10 2 3 34
770 1 17 0 26 2 3 10 2 2 34
770 1 17 0 27 2 3 10 2 4 34
770 1 17 0 28 2 3 10 2 1 33
770 1 17 0 29 2 3 10 2 3 33
770 1 17 0 30 2 3 10 2 2 33
770 1 17 0 31 2 3 10 2 4 33
770 1 17 1 0 2 3 10 2 4 53
770 1 17 1 1 2 3 10 2 2 53
770 1 17 1 2 2 3 10 2 3 53
770 1 17 1 3 2 3 10 2 1 53
770 1 17 1 4 2 3 10 2 4 54
770 1 17 1 5 2 3 10 2 2 54
770 1 17 1 6 2 3 10 2 3 54
770 1 17 1 7 2 3 10 2 1 54
770 1 17 1 8 2 3 10 2 4 55
770 1 17 1 9 2 3 10 2 2 55
770 1 17 1 10 2 3 10 2 3 55
770 1 17 1 11 2 3 10 2 1 55
770 1 17 1 12 2 3 10 2 4 56
770 1 17 1 13 2 3 10 2 2 56
770 1 17 1 14 2 3 10 2 3 56
770 1 17 1 15 2 3 10 2 1 56
770 1 17 1 16 2 3 10 2 1 40
770 1 17 1 17 2 3 10 2 3 40
770 1 17 1 18 2 3 10 2 2 40
770 1 17 1 19 2 3 10 2 4 40
770 1 17 1 20 2 3 10 2 1 39
770 1 17 1 21 2 3 10 2 3 39
770 1 17 1 22 2 3 10 2 2 39
770 1 17 1 23 2 3 10 2 4 39
770 1 17 1 24 2 3 10 2 1 38
770 1 17 1 25 2 3 10 2 3 38
770 1 17 1 26 2 3 10 2 2 38
770 1 17 1 27 2 3 10 2 4 38
770 1 17 1 28 2 3 10 2 1 37
770 1 17 1 29 2 3 10 2 3 37
770 1 17 1 30 2 3 10 2 2 37
770 1 17 1 31 2 3 10 2 4 37
770 1 17 2 0 2 3 10 2 4 57
770 1 17 2 1 2 3 10 2 2 57
770 1 17 2 2 2 3 10 2 3 57
770 1 17 2 3 2 3 10 2 1 57
770 1 17 2 4 2 3 1 2 4 56
770 1 17 2 5 2 3 1 2 2 56
770 1 17 2 6 2 3 1 2 3 56
770 1 17 2 7 2 3 1 2 1 56
770 1 17 2 8 2 3 1 2 4 55
770 1 17 2 9 2 3 1 2 2 55
770 1 17 2 10 2 3 1 2 3 55
770 1 17 2 11 2 3 1 2 1 55
770 1 17 2 12 2 3 1 2 4 54
770 1 17 2 13 2 3 1 2 2 54
770 1 17 2 14 2 3 1 2 3 54
770 1 17 2 15 2 3 1 2 1 54
770 1 17 2 16 2 3 10 2 1 44
770 1 17 2 17 2 3 10 2 3 44
770 1 17 2 18 2 3 10 2 2 44
770 1 17 2 19 2 3 10 2 4 44
770 1 17 2 20 2 3 10 2 1 43
770 1 17 2 21 2 3 10 2 3 43
770 1 17 2 22 2 3 10 2 2 43
770 1 17 2 23 2 3 10 2 4 43
770 1 17 2 24 2 3 10 2 1 42
770 1 17 2 25 2 3 10 2 3 42
770 1 17 2 26 2 3 10 2 2 42
770 1 17 2 27 2 3 10 2 4 42
770 1 17 2 28 2 3 10 2 1 41
770 1 17 2 29 2 3 10 2 3 41
770 1 17 2 30 2 3 10 2 2 41
770 1 17 2 31 2 3 10 2 4 41
770 1 17 3 0 2 3 1 2 1 48
770 1 17 3 1 2 3 1 2 3 48
770 1 17 3 2 2 3 1 2 2 48
770 1 17 3 3 2 3 1 2 4 48
770 1 17 3 4 2 3 1 2 1 47
770 1 17 3 5 2 3 1 2 3 47
770 1 17 3 6 2 3 1 2 2 47
770 1 17 3 7 2 3 1 2 4 47
770 1 17 3 8 2 3 1 2 1 46
770 1 17 3 9 2 3 1 2 3 46
770 1 17 3 10 2 3 1 2 2 46
770 1 17 3 11 2 3 1 2 4 46
770 1 17 3 12 2 3 1 2 1 45
770 1 17 3 13 2 3 1 2 3 45
770 1 17 3 14 2 3 1 2 2 45
770 1 17 3 15 2 3 1 2 4 45
770 1 17 3 16 2 3 10 2 1 48
770 1 17 3 17 2 3 10 2 3 48
770 1 17 3 18 2 3 10 2 2 48
770 1 17 3 19 2 3 10 2 4 48
770 1 17 3 20 2 3 10 2 1 47
770 1 17 3 21 2 3 10 2 3 47
770 1 17 3 22 2 3 10 2 2 47
770 1 17 3 23 2 3 10 2 4 47
770 1 17 3 24 2 3 10 2 1 46
770 1 17 3 25 2 3 10 2 3 46
770 1 17 3 26 2 3 10 2 2 46
770 1 17 3 27 2 3 10 2 4 46
770 1 17 3 28 2 3 10 2 1 45
770 1 17 3 29 2 3 10 2 3 45
770 1 17 3 30 2 3 10 2 2 45
770 1 17 3 31 2 3 10 2 4 45
770 1 0 0 0 2 3 1 3 4 2
770 1 0 0 1 2 3 1 3 2 2
770 1 0 0 2 2 3 1 3 3 2
770 1 0 0 3 2 3 1 3 1 2
770 1 0 0 4 2 3 11 3 4 2
770 1 0 0 5 2 3 11 3 2 2
770 1 0 0 6 2 3 11 3 3 2
770 1 0 0 7 2 3 11 3 1 2
770 1 0 0 8 2 3 11 3 4 3
770 1 0 0 9 2 3 11 3 2 3
770 1 0 0 10 2 3 11 3 3 3
770 1 0 0 11 2 3 11 3 1 3
770 1 0 0 12 2 3 11 3 4 4
770 1 0 0 13 2 3 11 3 2 4
770 1 0 0 14 2 3 11 3 3 4
770 1 0 0 15 2 3 11 3 1 4
770 1 0 0 16 2 3 11 1 1 4
770 1 0 0 17 2 3 11 1 3 4
770 1 0 0 18 2 3 11 1 2 4
770 1 0 0 19 2 3 11 1 4 4
770 1 0 0 20 2 3 11 1 1 3
770 1 0 0 21 2 3 11 1 3 3
770 1 0 0 22 2 3 11 1 2 3
770 1 0 0 23 2 3 11 1 4 3
770 1 0 0 24 2 3 11 1 1 2
770 1 0 0 25 2 3 11 1 3 2
770 1 0 0 26 2 3 11 1 2 2
770 1 0 0 27 2 3 11 1 4 2
770 1 0 0 28 2 3 1 1 1 2
770 1 0 0 29 2 3 1 1 3 2
770 1 0 0 30 2 3 1 1 2 2
770 1 0 0 31 2 3 1 1 4 2
770 1 0 1 0 2 3 11 3 4 5
770 1 0 1 1 2 3 11 3 2 5
770 1 0 1 2 2 3 11 3 3 5
770 1 0 1 3 2 3 11 3 1 5
770 1 0 1 4 2 3 11 3 4 6
770 1 0 1 5 2 3 11 3 2 6
770 1 0 1 6 2 3 11 3 3 6
770 1 0 1 7 2 3 11 3 1 6
770 1 0 1 8 2 3 11 3 4 7
770 1 0 1 9 2 3 11 3 2 7
770 1 0 1 10 2 3 11 3 3 7
770 1 0 1 11 2 3 11 3 1 7
770 1 0 1 12 2 3 11 3 4 8
770 1 0 1 13 2 3 11 3 2 8
770 1 0 1 14 2 3 11 3 3 8
770 1 0 1 15 2 3 11 3 1 8
770 1 0 1 16 2 3 11 1 1 8
770 1 0 1 17 2 3 11 1 3 8
770 1 0 1 18 2 3 11 1 2 8
770 1 0 1 19 2 3 11 1 4 8
770 1 0 1 20 2 3 11 1 1 7
770 1 0 1 21 2 3 11 1 3 7
770 1 0 1 22 2 3 11 1 2 7
770 1 0 1 23 2 3 11 1 4 7
770 1 0 1 24 2 3 11 1 1 6
770 1 0 1 25 2 3 11 1 3 6
770 1 0 1 26 2 3 11 1 2 6
770 1 0 1 27 2 3 11 1 4 6
770 1 0 1 28 2 3 11 1 1 5
770 1 0 1 29 2 3 11 1 3 5
770 1 0 1 30 2 3 11 1 2 5
770 1 0 1 31 2 3 11 1 4 5
770 1 0 2 0 2 3 11 3 4 9
770 1 0 2 1 2 3 11 3 2 9
770 1 0 2 2 2 3 11 3 3 9
770 1 0 2 3 2 3 11 3 1 9
770 1 0 2 4 2 3 11 3 4 10
770 1 0 2 5 2 3 11 3 2 10
770 1 0 2 6 2 3 11 3 3 10
770 1 0 2 7 2 3 11 3 1 10
770 1 0 2 8 2 3 11 3 4 11
770 1 0 2 9 2 3 11 3 2 11
770 1 0 2 10 2 3 11 3 3 11
770 1 0 2 11 2 3 11 3 1 11
770 1 0 2 12 2 3 11 3 4 12
770 1 0 2 13 2 3 11 3 2 12
770 1 0 2 14 2 3 11 3 3 12
770 1 0 2 15 2 3 11 3 1 12
770 1 0 2 16 2 3 11 1 1 12
770 1 0 2 17 2 3 11 1 3 12
770 1 0 2 18 2 3 11 1 2 12
770 1 0 2 19 2 3 11 1 4 12
770 1 0 2 20 2 3 11 1 1 11
770 1 0 2 21 2 3 11 1 3 11
770 1 0 2 22 2 3 11 1 2 11
770 1 0 2 23 2 3 11 1 4 11
770 1 0 2 24 2 3 11 1 1 10
770 1 0 2 25 2 3 11 1 3 10
770 1 0 2 26 2 3 11 1 2 10
770 1 0 2 27 2 3 11 1 4 10
770 1 0 2 28 2 3 11 1 1 9
770 1 0 2 29 2 3 11 1 3 9
770 1 0 2 30 2 3 11 1 2 9
770 1 0 2 31 2 3 11 1 4 9
770 1 0 3 0 2 3 11 3 4 13
770 1 0 3 1 2 3 11 3 2 13
770 1 0 3 2 2 3 11 3 3 13
770 1 0 3 3 2 3 11 3 1 13
770 1 0 3 4 2 3 11 3 4 14
770 1 0 3 5 2 3 11 3 2 14
770 1 0 3 6 2 3 11 3 3 14
770 1 0 3 7 2 3 11 3 1 14
770 1 0 3 8 2 3 11 3 4 15
770 1 0 3 9 2 3 11 3 2 15
770 1 0 3 10 2 3 11 3 3 15
770 1 0 3 11 2 3 11 3 1 15
770 1 0 3 12 2 3 11 3 4 16
770 1 0 3 13 2 3 11 3 2 16
770 1 0 3 14 2 3 11 3 3 16
770 1 0 3 15 2 3 11 3 1 16
770 1 0 3 16 2 3 11 1 1 16
770 1 0 3 17 2 3 11 1 3 16
770 1 0 3 18 2 3 11 1 2 16
770 1 0 3 19 2 3 11 1 4 16
770 1 0 3 20 2 3 11 1 1 15
770 1 0 3 21 2 3 11 1 3 15
770 1 0 3 22 2 3 11 1 2 15
770 1 0 3 23 2 3 11 1 4 15
770 1 0 3 24 2 3 11 1 1 14
770 1 0 3 25 2 3 11 1 3 14
770 1 0 3 26 2 3 11 1 2 14
770 1 0 3 27 2 3 11 1 4 14
770 1 0 3 28 2 3 11 1 1 13
770 1 0 3 29 2 3 11 1 3 13
770 1 0 3 30 2 3 11 1 2 13
770 1 0 3 31 2 3 11 1 4 13
770 1 1 0 0 2 3 11 3 4 17
770 1 1 0 1 2 3 11 3 2 17
770 1 1 0 2 2 3 11 3 3 17
770 1 1 0 3 2 3 11 3 1 17
770 1 1 0 4 2 3 11 3 4 18
770 1 1 0 5 2 3 11 3 2 18
770 1 1 0 6 2 3 11 3 3 18
770 1 1 0 7 2 3 11 3 1 18
770 1 1 0 8 2 3 11 3 4 19
770 1 1 0 9 2 3 11 3 2 19
770 1 1 0 10 2 3 11 3 3 19
770 1 1 0 11 2 3 11 3 1 19
770 1 1 0 12 2 3 11 3 4 20
770 1 1 0 13 2 3 11 3 2 20
770 1 1 0 14 2 3 11 3 3 20
770 1 1 0 15 2 3 11 3 1 20
770 1 1 0 16 2 3 11 1 1 20
770 1 1 0 17 2 3 11 1 3 20
770 1 1 0 18 2 3 11 1 2 20
770 1 1 0 19 2 3 11 1 4 20
770 1 1 0 20 2 3 11 1 1 19
770 1 1 0 21 2 3 11 1 3 19
770 1 1 0 22 2 3 11 1 2 19
770 1 1 0 23 2 3 11 1 4 19
770 1 1 0 24 2 3 11 1 1 18
770 1 1 0 25 2 3 11 1 3 18
770 1 1 0 26 2 3 11 1 2 18
770 1 1 0 27 2 3 11 1 4 18
770 1 1 0 28 2 3 11 1 1 17
770 1 1 0 29 2 3 11 1 3 17
770 1 1 0 30 2 3 11 1 2 17
770 1 1 0 31 2 3 11 1 4 17
770 1 1 1 0 2 3 11 3 4 21
770 1 1 1 1 2 3 11 3 2 21
770 1 1 1 2 2 3 11 3 3 21
770 1 1 1 3 2 3 11 3 1 21
770 1 1 1 4 2 3 11 3 4 22
770 1 1 1 5 2 3 11 3 2 22
770 1 1 1 6 2 3 11 3 3 22
770 1 1 1 7 2 3 11 3 1 22
770 1 1 1 8 2 3 11 3 4 23
770 1 1 1 9 2 3 11 3 2 23
770 1 1 1 10 2 3 11 3 3 23
770 1 1 1 11 2 3 11 3 1 23
770 1 1 1 12 2 3 11 3 4 24
770 1 1 1 13 2 3 11 3 2 24
770 1 1 1 14 2 3 11 3 3 24
770 1 1 1 15 2 3 11 3 1 24
770 1 1 1 16 2 3 11 1 1 24
770 1 1 1 17 2 3 11 1 3 24
770 1 1 1 18 2 3 11 1 2 24
770 1 1 1 19 2 3 11 1 4 24
770 1 1 1 20 2 3 11 1 1 23
770 1 1 1 21 2 3 11 1 3 23
770 1 1 1 22 2 3 11 1 2 23
770 1 1 1 23 2 3 11 1 4 23
770 1 1 1 24 2 3 11 1 1 22
770 1 1 1 25 2 3 11 1 3 22
770 1 1 1 26 2 3 11 1 2 22
770 1 1 1 27 2 3 11 1 4 22
770 1 1 1 28 2 3 11 1 1 21
770 1 1 1 29 2 3 11 1 3 21
770 1 1 1 30 2 3 11 1 2 21
770 1 1 1 31 2 3 11 1 4 21
770 1 1 2 0 2 3 11 3 4 25
770 1 1 2 1 2 3 11 3 2 25
770 1 1 2 2 2 3 11 3 3 25
770 1 1 2 3 2 3 11 3 1 25
770 1 1 2 4 2 3 11 3 4 26
770 1 1 2 5 2 3 11 3 2 26
770 1 1 2 6 2 3 11 3 3 26
770 1 1 2 7 2 3 11 3 1 26
770 1 1 2 8 2 3 11 3 4 27
770 1 1 2 9 2 3 11 3 2 27
770 1 1 2 10 2 3 11 3 3 27
770 1 1 2 11 2 3 11 3 1 27
770 1 1 2 12 2 3 11 3 4 28
770 1 1 2 13 2 3 11 3 2 28
770 1 1 2 14 2 3 11 3 3 28
770 1 1 2 15 2 3 11 3 1 28
770 1 1 2 16 2 3 11 1 1 28
770 1 1 2 17 2 3 11 1 3 28
770 1 1 2 18 2 3 11 1 2 28
770 1 1 2 19 2 3 11 1 4 28
770 1 1 2 20 2 3 11 1 1 27
770 1 1 2 21 2 3 11 1 3 27
770 1 1 2 22 2 3 11 1 2 27
770 1 1 2 23 2 3 11 1 4 27
770 1 1 2 24 2 3 11 1 1 26
770 1 1 2 25 2 3 11 1 3 26
770 1 1 2 26 2 3 11 1 2 26
770 1 1 2 27 2 3 11 1 4 26
770 1 1 2 28 2 3 11 1 1 25
770 1 1 2 29 2 3 11 1 3 25
770 1 1 2 30 2 3 11 1 2 25
770 1 1 2 31 2 3 11 1 4 25
770 1 1 3 0 2 3 11 3 4 29
770 1 1 3 1 2 3 11 3 2 29
770 1 1 3 2 2 3 11 3 3 29
770 1 1 3 3 2 3 11 3 1 29
770 1 1 3 4 2 3 11 3 4 30
770 1 1 3 5 2 3 11 3 2 30
770 1 1 3 6 2 3 11 3 3 30
770 1 1 3 7 2 3 11 3 1 30
770 1 1 3 8 2 3 11 3 4 31
770 1 1 3 9 2 3 11 3 2 31
770 1 1 3 10 2 3 11 3 3 31
770 1 1 3 11 2 3 11 3 1 31
770 1 1 3 12 2 3 11 3 4 32
770 1 1 3 13 2 3 11 3 2 32
770 1 1 3 14 2 3 11 3 3 32
770 1 1 3 15 2 3 11 3 1 32
770 1 1 3 16 2 3 11 1 1 32
770 1 1 3 17 2 3 11 1 3 32
770 1 1 3 18 2 3 11 1 2 32
770 1 1 3 19 2 3 11 1 4 32
770 1 1 3 20 2 3 11 1 1 31
770 1 1 3 21 2 3 11 1 3 31
770 1 1 3 22 2 3 11 1 2 31
770 1 1 3 23 2 3 11 1 4 31
770 1 1 3 24 2 3 11 1 1 30
770 1 1 3 25 2 3 11 1 3 30
770 1 1 3 26 2 3 11 1 2 30
770 1 1 3 27 2 3 11 1 4 30
770 1 1 3 28 2 3 11 1 1 29
770 1 1 3 29 2 3 11 1 3 29
770 1 1 3 30 2 3 11 1 2 29
770 1 1 3 31 2 3 11 1 4 29
770 1 2 0 0 2 3 11 3 4 33
770 1 2 0 1 2 3 11 3 2 33
770 1 2 0 2 2 3 11 3 3 33
770 1 2 0 3 2 3 11 3 1 33
770 1 2 0 4 2 3 11 3 4 34
770 1 2 0 5 2 3 11 3 2 34
770 1 2 0 6 2 3 11 3 3 34
770 1 2 0 7 2 3 11 3 1 34
770 1 2 0 8 2 3 11 3 4 35
770 1 2 0 9 2 3 11 3 2 35
770 1 2 0 10 2 3 11 3 3 35
770 1 2 0 11 2 3 11 3 1 35
770 1 2 0 12 2 3 11 3 4 36
770 1 2 0 13 2 3 11 3 2 36
770 1 2 0 14 2 3 11 3 3 36
770 1 2 0 15 2 3 11 3 1 36
770 1 2 0 16 2 3 11 1 1 36
770 1 2 0 17 2 3 11 1 3 36
770 1 2 0 18 2 3 11 1 2 36
770 1 2 0 19 2 3 11 1 4 36
770 1 2 0 20 2 3 11 1 1 35
770 1 2 0 21 2 3 11 1 3 35
770 1 2 0 22 2 3 11 1 2 35
770 1 2 0 23 2 3 11 1 4 35
770 1 2 0 24 2 3 11 1 1 34
770 1 2 0 25 2 3 11 1 3 34
770 1 2 0 26 2 3 11 1 2 34
770 1 2 0 27 2 3 11 1 4 34
770 1 2 0 28 2 3 11 1 1 33
770 1 2 0 29 2 3 11 1 3 33
770 1 2 0 30 2 3 11 1 2 33
770 1 2 0 31 2 3 11 1 4 33
770 1 2 1 0 2 3 11 3 4 37
770 1 2 1 1 2 3 11 3 2 37
770 1 2 1 2 2 3 11 3 3 37
770 1 2 1 3 2 3 11 3 1 37
770 1 2 1 4 2 3 11 3 4 38
770 1 2 1 5 2 3 11 3 2 38
770 1 2 1 6 2 3 11 3 3 38
770 1 2 1 7 2 3 11 3 1 38
770 1 2 1 8 2 3 11 3 4 39
770 1 2 1 9 2 3 11 3 2 39
770 1 2 1 10 2 3 11 3 3 39
770 1 2 1 11 2 3 11 3 1 39
770 1 2 1 12 2 3 11 3 4 40
770 1 2 1 13 2 3 11 3 2 40
770 1 2 1 14 2 3 11 3 3 40
770 1 2 1 15 2 3 11 3 1 40
770 1 2 1 16 2 3 11 1 1 40
770 1 2 1 17 2 3 11 1 3 40
770 1 2 1 18 2 3 11 1 2 40
770 1 2 1 19 2 3 11 1 4 40
770 1 2 1 20 2 3 11 1 1 39
770 1 2 1 21 2 3 11 1 3 39
770 1 2 1 22 2 3 11 1 2 39
770 1 2 1 23 2 3 11 1 4 39
770 1 2 1 24 2 3 11 1 1 38
770 1 2 1 25 2 3 11 1 3 38
770 1 2 1 26 2 3 11 1 2 38
770 1 2 1 27 2 3 11 1 4 38
770 1 2 1 28 2 3 11 1 1 37
770 1 2 1 29 2 3 11 1 3 37
770 1 2 1 30 2 3 11 1 2 37
770 1 2 1 31 2 3 11 1 4 37
770 1 2 2 0 2 3 11 3 4 41
770 1 2 2 1 2 3 11 3 2 41
770 1 2 2 2 2 3 11 3 3 41
770 1 2 2 3 2 3 11 3 1 41
770 1 2 2 4 2 3 11 3 4 42
770 1 2 2 5 2 3 11 3 2 42
770 1 2 2 6 2 3 11 3 3 42
770 1 2 2 7 2 3 11 3 1 42
770 1 2 2 8 2 3 11 3 4 43
770 1 2 2 9 2 3 11 3 2 43
770 1 2 2 10 2 3 11 3 3 43
770 1 2 2 11 2 3 11 3 1 43
770 1 2 2 12 2 3 11 3 4 44
770 1 2 2 13 2 3 11 3 2 44
770 1 2 2 14 2 3 11 3 3 44
770 1 2 2 15 2 3 11 3 1 44
770 1 2 2 16 2 3 11 1 1 44
770 1 2 2 17 2 3 11 1 3 44
770 1 2 2 18 2 3 11 1 2 44
770 1 2 2 19 2 3 11 1 4 44
770 1 2 2 20 2 3 11 1 1 43
770 1 2 2 21 2 3 11 1 3 43
770 1 2 2 22 2 3 11 1 2 43
770 1 2 2 23 2 3 11 1 4 43
770 1 2 2 24 2 3 11 1 1 42
770 1 2 2 25 2 3 11 1 3 42
770 1 2 2 26 2 3 11 1 2 42
770 1 2 2 27 2 3 11 1 4 42
770 1 2 2 28 2 3 11 1 1 41
770 1 2 2 29 2 3 11 1 3 41
770 1 2 2 30 2 3 11 1 2 41
770 1 2 2 31 2 3 11 1 4 41
770 1 2 3 0 2 3 11 3 4 45
770 1 2 3 1 2 3 11 3 2 45
770 1 2 3 2 2 3 11 3 3 45
770 1 2 3 3 2 3 11 3 1 45
770 1 2 3 4 2 3 11 3 4 46
770 1 2 3 5 2 3 11 3 2 46
770 1 2 3 6 2 3 11 3 3 46
770 1 2 3 7 2 3 11 3 1 46
770 1 2 3 8 2 3 11 3 4 47
770 1 2 3 9 2 3 11 3 2 47
770 1 2 3 10 2 3 11 3 3 47
770 1 2 3 11 2 3 11 3 1 47
770 1 2 3 12 2 3 11 3 4 48
770 1 2 3 13 2 3 11 3 2 48
770 1 2 3 14 2 3 11 3 3 48
770 1 2 3 15 2 3 11 3 1 48
770 1 2 3 16 2 3 11 1 1 48
770 1 2 3 17 2 3 11 1 3 48
770 1 2 3 18 2 3 11 1 2 48
770 1 2 3 19 2 3 11 1 4 48
770 1 2 3 20 2 3 11 1 1 47
770 1 2 3 21 2 3 11 1 3 47
770 1 2 3 22 2 3 11 1 2 47
770 1 2 3 23 2 3 11 1 4 47
770 1 2 3 24 2 3 11 1 1 46
770 1 2 3 25 2 3 11 1 3 46
770 1 2 3 26 2 3 11 1 2 46
770 1 2 3 27 2 3 11 1 4 46
770 1 2 3 28 2 3 11 1 1 45
770 1 2 3 29 2 3 11 1 3 45
770 1 2 3 30 2 3 11 1 2 45
770 1 2 3 31 2 3 11 1 4 45
770 1 6 0 0 2 3 11 3 4 49
770 1 6 0 1 2 3 11 3 2 49
770 1 6 0 2 2 3 11 3 3 49
770 1 6 0 3 2 3 11 3 1 49
770 1 6 0 4 2 3 11 3 4 50
770 1 6 0 5 2 3 11 3 2 50
770 1 6 0 6 2 3 11 3 3 50
770 1 6 0 7 2 3 11 3 1 50
770 1 6 0 8 2 3 11 3 4 51
770 1 6 0 9 2 3 11 3 2 51
770 1 6 0 10 2 3 11 3 3 51
770 1 6 0 11 2 3 11 3 1 51
770 1 6 0 12 2 3 11 3 4 52
770 1 6 0 13 2 3 11 3 2 52
770 1 6 0 14 2 3 11 3 3 52
770 1 6 0 15 2 3 11 3 1 52
770 1 6 0 16 2 3 11 1 1 52
770 1 6 0 17 2 3 11 1 3 52
770 1 6 0 18 2 3 11 1 2 52
770 1 6 0 19 2 3 11 1 4 52
770 1 6 0 20 2 3 11 1 1 51
770 1 6 0 21 2 3 11 1 3 51
770 1 6 0 22 2 3 11 1 2 51
770 1 6 0 23 2 3 11 1 4 51
770 1 6 0 24 2 3 11 1 1 50
770 1 6 0 25 2 3 11 1 3 50
770 1 6 0 26 2 3 11 1 2 50
770 1 6 0 27 2 3 11 1 4 50
770 1 6 0 28 2 3 11 1 1 49
770 1 6 0 29 2 3 11 1 3 49
770 1 6 0 30 2 3 11 1 2 49
770 1 6 0 31 2 3 11 1 4 49
770 1 6 1 0 2 3 11 3 4 53
770 1 6 1 1 2 3 11 3 2 53
770 1 6 1 2 2 3 11 3 3 53
770 1 6 1 3 2 3 11 3 1 53
770 1 6 1 4 2 3 11 3 4 54
770 1 6 1 5 2 3 11 3 2 54
770 1 6 1 6 2 3 11 3 3 54
770 1 6 1 7 2 3 11 3 1 54
770 1 6 1 8 2 3 11 3 4 55
770 1 6 1 9 2 3 11 3 2 55
770 1 6 1 10 2 3 11 3 3 55
770 1 6 1 11 2 3 11 3 1 55
770 1 6 1 12 2 3 11 3 4 56
770 1 6 1 13 2 3 11 3 2 56
770 1 6 1 14 2 3 11 3 3 56
770 1 6 1 15 2 3 11 3 1 56
770 1 6 1 16 2 3 11 1 1 56
770 1 6 1 17 2 3 11 1 3 56
770 1 6 1 18 2 3 11 1 2 56
770 1 6 1 19 2 3 11 1 4 56
770 1 6 1 20 2 3 11 1 1 55
770 1 6 1 21 2 3 11 1 3 55
770 1 6 1 22 2 3 11 1 2 55
770 1 6 1 23 2 3 11 1 4 55
770 1 6 1 24 2 3 11 1 1 54
770 1 6 1 25 2 3 11 1 3 54
770 1 6 1 26 2 3 11 1 2 54
770 1 6 1 27 2 3 11 1 4 54
770 1 6 1 28 2 3 11 1 1 53
770 1 6 1 29 2 3 11 1 3 53
770 1 6 1 30 2 3 11 1 2 53
770 1 6 1 31 2 3 11 1 4 53
770 1 6 2 0 2 3 11 3 4 57
770 1 6 2 1 2 3 11 3 2 57
770 1 6 2 2 2 3 11 3 3 57
770 1 6 2 3 2 3 11 3 1 57
770 1 6 2 4 2 3 11 3 4 58
770 1 6 2 5 2 3 11 3 2 58
770 1 6 2 6 2 3 11 3 3 58
770 1 6 2 7 2 3 11 3 1 58
770 1 6 2 8 2 3 11 3 4 59
770 1 6 2 9 2 3 11 3 2 59
770 1 6 2 10 2 3 11 3 3 59
770 1 6 2 11 2 3 11 3 1 59
770 1 6 2 12 2 3 11 3 4 60
770 1 6 2 13 2 3 11 3 2 60
770 1 6 2 14 2 3 11 3 3 60
770 1 6 2 15 2 3 11 3 1 60
770 1 6 2 16 2 3 11 1 1 60
770 1 6 2 17 2 3 11 1 3 60
770 1 6 2 18 2 3 11 1 2 60
770 1 6 2 19 2 3 11 1 4 60
770 1 6 2 20 2 3 11 1 1 59
770 1 6 2 21 2 3 11 1 3 59
770 1 6 2 22 2 3 11 1 2 59
770 1 6 2 23 2 3 11 1 4 59
770 1 6 2 24 2 3 11 1 1 58
770 1 6 2 25 2 3 11 1 3 58
770 1 6 2 26 2 3 11 1 2 58
770 1 6 2 27 2 3 11 1 4 58
770 1 6 2 28 2 3 11 1 1 57
770 1 6 2 29 2 3 11 1 3 57
770 1 6 2 30 2 3 11 1 2 57
770 1 6 2 31 2 3 11 1 4 57
770 1 6 3 0 2 3 11 3 4 61
770 1 6 3 1 2 3 11 3 2 61
770 1 6 3 2 2 3 11 3 3 61
770 1 6 3 3 2 3 11 3 1 61
770 1 6 3 4 2 3 11 3 4 62
770 1 6 3 5 2 3 11 3 2 62
770 1 6 3 6 2 3 11 3 3 62
770 1 6 3 7 2 3 11 3 1 62
770 1 6 3 8 2 3 11 3 4 63
770 1 6 3 9 2 3 11 3 2 63
770 1 6 3 10 2 3 11 3 3 63
770 1 6 3 11 2 3 11 3 1 63
770 1 6 3 12 2 3 11 3 4 64
770 1 6 3 13 2 3 11 3 2 64
770 1 6 3 14 2 3 11 3 3 64
770 1 6 3 15 2 3 11 3 1 64
770 1 6 3 16 2 3 11 1 1 64
770 1 6 3 17 2 3 11 1 3 64
770 1 6 3 18 2 3 11 1 2 64
770 1 6 3 19 2 3 11 1 4 64
770 1 6 3 20 2 3 11 1 1 63
770 1 6 3 21 2 3 11 1 3 63
770 1 6 3 22 2 3 11 1 2 63
770 1 6 3 23 2 3 11 1 4 63
770 1 6 3 24 2 3 11 1 1 62
770 1 6 3 25 2 3 11 1 3 62
770 1 6 3 26 2 3 11 1 2 62
770 1 6 3 27 2 3 11 1 4 62
770 1 6 3 28 2 3 11 1 1 61
770 1 6 3 29 2 3 11 1 3 61
770 1 6 3 30 2 3 11 1 2 61
770 1 6 3 31 2 3 11 1 4 61
770 1 3 0 0 2 3 11 3 4 65
770 1 3 0 1 2 3 11 3 2 65
770 1 3 0 2 2 3 11 3 3 65
770 1 3 0 3 2 3 11 3 1 65
770 1 3 0 4 2 3 11 3 4 66
770 1 3 0 5 2 3 11 3 2 66
770 1 3 0 6 2 3 11 3 3 66
770 1 3 0 7 2 3 11 3 1 66
770 1 3 0 8 2 3 11 3 4 67
770 1 3 0 9 2 3 11 3 2 67
770 1 3 0 10 2 3 11 3 3 67
770 1 3 0 11 2 3 11 3 1 67
770 1 3 0 12 2 3 11 3 4 68
770 1 3 0 13 2 3 11 3 2 68
770 1 3 0 14 2 3 11 3 3 68
770 1 3 0 15 2 3 11 3 1 68
770 1 3 0 16 2 3 11 1 1 68
770 1 3 0 17 2 3 11 1 3 68
770 1 3 0 18 2 3 11 1 2 68
770 1 3 0 19 2 3 11 1 4 68
770 1 3 0 20 2 3 11 1 1 67
770 1 3 0 21 2 3 11 1 3 67
770 1 3 0 22 2 3 11 1 2 67
770 1 3 0 23 2 3 11 1 4 67
770 1 3 0 24 2 3 11 1 1 66
770 1 3 0 25 2 3 11 1 3 66
770 1 3 0 26 2 3 11 1 2 66
770 1 3 0 27 2 3 11 1 4 66
770 1 3 0 28 2 3 11 1 1 65
770 1 3 0 29 2 3 11 1 3 65
770 1 3 0 30 2 3 11 1 2 65
770 1 3 0 31 2 3 11 1 4 65
770 1 3 1 0 2 3 11 3 4 69
770 1 3 1 1 2 3 11 3 2 69
770 1 3 1 2 2 3 11 3 3 69
770 1 3 1 3 2 3 11 3 1 69
770 1 3 1 4 2 3 11 3 4 70
770 1 3 1 5 2 3 11 3 2 70
770 1 3 1 6 2 3 11 3 3 70
770 1 3 1 7 2 3 11 3 1 70
770 1 3 1 8 2 3 11 3 4 71
770 1 3 1 9 2 3 11 3 2 71
770 1 3 1 10 2 3 11 3 3 71
770 1 3 1 11 2 3 11 3 1 71
770 1 3 1 12 2 3 1 3 4 71
770 1 3 1 13 2 3 1 3 2 71
770 1 3 1 14 2 3 1 3 3 71
770 1 3 1 15 2 3 1 3 1 71
770 1 3 1 16 2 3 1 1 1 71
770 1 3 1 17 2 3 1 1 3 71
770 1 3 1 18 2 3 1 1 2 71
770 1 3 1 19 2 3 1 1 4 71
770 1 3 1 20 2 3 11 1 1 71
770 1 3 1 21 2 3 11 1 3 71
770 1 3 1 22 2 3 11 1 2 71
770 1 3 1 23 2 3 11 1 4 71
770 1 3 1 24 2 3 11 1 1 70
770 1 3 1 25 2 3 11 1 3 70
770 1 3 1 26 2 3 11 1 2 70
770 1 3 1 27 2 3 11 1 4 70
770 1 3 1 28 2 3 11 1 1 69
770 1 3 1 29 2 3 11 1 3 69
770 1 3 1 30 2 3 11 1 2 69
770 1 3 1 31 2 3 11 1 4 69
770 1 3 2 0 2 3 1 3 4 69
770 1 3 2 1 2 3 1 3 2 69
770 1 3 2 2 2 3 1 3 3 69
770 1 3 2 3 2 3 1 3 1 69
770 1 3 2 4 2 3 1 3 4 70
770 1 3 2 5 2 3 1 3 2 70
770 1 3 2 6 2 3 1 3 3 70
770 1 3 2 7 2 3 1 3 1 70
770 1 3 2 8 2 3 1 3 4 71
770 1 3 2 9 2 3 1 3 2 71
770 1 3 2 10 2 3 1 3 3 71
770 1 3 2 11 2 3 1 3 1 71
770 1 3 2 12 2 3 1 3 4 71
770 1 3 2 13 2 3 1 3 2 71
770 1 3 2 14 2 3 1 3 3 71
770 1 3 2 15 2 3 1 3 1 71
770 1 3 2 16 2 3 1 1 1 71
770 1 3 2 17 2 3 1 1 3 71
770 1 3 2 18 2 3 1 1 2 71
770 1 3 2 19 2 3 1 1 4 71
770 1 3 2 20 2 3 1 1 1 71
770 1 3 2 21 2 3 1 1 3 71
770 1 3 2 22 2 3 1 1 2 71
770 1 3 2 23 2 3 1 1 4 71
770 1 3 2 24 2 3 1 1 1 70
770 1 3 2 25 2 3 1 1 3 70
770 1 3 2 26 2 3 1 1 2 70
770 1 3 2 27 2 3 1 1 4 70
770 1 3 2 28 2 3 1 1 1 69
770 1 3 2 29 2 3 1 1 3 69
770 1 3 2 30 2 3 1 1 2 69
770 1 3 2 31 2 3 1 1 4 69
770 1 3 3 0 2 3 1 3 4 69
770 1 3 3 1 2 3 1 3 2 69
770 1 3 3 2 2 3 1 3 3 69
770 1 3 3 3 2 3 1 3 1 69
770 1 3 3 4 2 3 1 3 4 70
770 1 3 3 5 2 3 1 3 2 70
770 1 3 3 6 2 3 1 3 3 70
770 1 3 3 7 2 3 1 3 1 70
770 1 3 3 8 2 3 1 3 4 71
770 1 3 3 9 2 3 1 3 2 71
770 1 3 3 10 2 3 1 3 3 71
770 1 3 3 11 2 3 1 3 1 71
770 1 3 3 12 2 3 1 3 4 71
770 1 3 3 13 2 3 1 3 2 71
770 1 3 3 14 2 3 1 3 3 71
770 1 3 3 15 2 3 1 3 1 71
770 1 3 3 16 2 3 1 1 1 71
770 1 3 3 17 2 3 1 1 3 71
770 1 3 3 18 2 3 1 1 2 71
770 1 3 3 19 2 3 1 1 4 71
770 1 3 3 20 2 3 1 1 1 71
770 1 3 3 21 2 3 1 1 3 71
770 1 3 3 22 2 3 1 1 2 71
770 1 3 3 23 2 3 1 1 4 71
770 1 3 3 24 2 3 1 1 1 70
770 1 3 3 25 2 3 1 1 3 70
770 1 3 3 26 2 3 1 1 2 70
770 1 3 3 27 2 3 1 1 4 70
770 1 3 3 28 2 3 1 1 1 69
770 1 3 3 29 2 3 1 1 3 69
770 1 3 3 30 2 3 1 1 2 69
770 1 3 3 31 2 3 1 1 4 69
770 1 4 0 0 2 3 11 2 4 17
770 1 4 0 1 2 3 11 2 2 17
770 1 4 0 2 2 3 11 2 3 17
770 1 4 0 3 2 3 11 2 1 17
770 1 4 0 4 2 3 11 2 4 18
770 1 4 0 5 2 3 11 2 2 18
770 1 4 0 6 2 3 11 2 3 18
770 1 4 0 7 2 3 11 2 1 18
770 1 4 0 8 2 3 11 2 4 19
770 1 4 0 9 2 3 11 2 2 19
770 1 4 0 10 2 3 11 2 3 19
770 1 4 0 11 2 3 11 2 1 19
770 1 4 0 12 2 3 11 2 4 20
770 1 4 0 13 2 3 11 2 2 20
770 1 4 0 14 2 3 11 2 3 20
770 1 4 0 15 2 3 11 2 1 20
770 1 4 0 16 2 3 11 2 1 4
770 1 4 0 17 2 3 11 2 3 4
770 1 4 0 18 2 3 11 2 2 4
770 1 4 0 19 2 3 11 2 4 4
770 1 4 0 20 2 3 11 2 1 3
770 1 4 0 21 2 3 11 2 3 3
770 1 4 0 22 2 3 11 2 2 3
770 1 4 0 23 2 3 11 2 4 3
770 1 4 0 24 2 3 11 2 1 2
770 1 4 0 25 2 3 11 2 3 2
770 1 4 0 26 2 3 11 2 2 2
770 1 4 0 27 2 3 11 2 4 2
770 1 4 0 28 2 3 1 2 1 2
770 1 4 0 29 2 3 1 2 3 2
770 1 4 0 30 2 3 1 2 2 2
770 1 4 0 31 2 3 1 2 4 2
770 1 4 1 0 2 3 11 2 4 21
770 1 4 1 1 2 3 11 2 2 21
770 1 4 1 2 2 3 11 2 3 21
770 1 4 1 3 2 3 11 2 1 21
770 1 4 1 4 2 3 11 2 4 22
770 1 4 1 5 2 3 11 2 2 22
770 1 4 1 6 2 3 11 2 3 22
770 1 4 1 7 2 3 11 2 1 22
770 1 4 1 8 2 3 11 2 4 23
770 1 4 1 9 2 3 11 2 2 23
770 1 4 1 10 2 3 11 2 3 23
770 1 4 1 11 2 3 11 2 1 23
770 1 4 1 12 2 3 11 2 4 24
770 1 4 1 13 2 3 11 2 2 24
770 1 4 1 14 2 3 11 2 3 24
770 1 4 1 15 2 3 11 2 1 24
770 1 4 1 16 2 3 11 2 1 8
770 1 4 1 17 2 3 11 2 3 8
770 1 4 1 18 2 3 11 2 2 8
770 1 4 1 19 2 3 11 2 4 8
770 1 4 1 20 2 3 11 2 1 7
770 1 4 1 21 2 3 11 2 3 7
770 1 4 1 22 2 3 11 2 2 7
770 1 4 1 23 2 3 11 2 4 7
770 1 4 1 24 2 3 11 2 1 6
770 1 4 1 25 2 3 11 2 3 6
770 1 4 1 26 2 3 11 2 2 6
770 1 4 1 27 2 3 11 2 4 6
770 1 4 1 28 2 3 11 2 1 5
770 1 4 1 29 2 3 11 2 3 5
770 1 4 1 30 2 3 11 2 2 5
770 1 4 1 31 2 3 11 2 4 5
770 1 4 2 0 2 3 11 2 4 25
770 1 4 2 1 2 3 11 2 2 25
770 1 4 2 2 2 3 11 2 3 25
770 1 4 2 3 2 3 11 2 1 25
770 1 4 2 4 2 3 11 2 4 26
770 1 4 2 5 2 3 11 2 2 26
770 1 4 2 6 2 3 11 2 3 26
770 1 4 2 7 2 3 11 2 1 26
770 1 4 2 8 2 3 11 2 4 27
770 1 4 2 9 2 3 11 2 2 27
770 1 4 2 10 2 3 11 2 3 27
770 1 4 2 11 2 3 11 2 1 27
770 1 4 2 12 2 3 11 2 4 28
770 1 4 2 13 2 3 11 2 2 28
770 1 4 2 14 2 3 11 2 3 28
770 1 4 2 15 2 3 11 2 1 28
770 1 4 2 16 2 3 11 2 1 12
770 1 4 2 17 2 3 11 2 3 12
770 1 4 2 18 2 3 11 2 2 12
770 1 4 2 19 2 3 11 2 4 12
770 1 4 2 20 2 3 11 2 1 11
770 1 4 2 21 2 3 11 2 3 11
770 1 4 2 22 2 3 11 2 2 11
770 1 4 2 23 2 3 11 2 4 11
770 1 4 2 24 2 3 11 2 1 10
770 1 4 2 25 2 3 11 2 3 10
770 1 4 2 26 2 3 11 2 2 10
770 1 4 2 27 2 3 11 2 4 10
770 1 4 2 28 2 3 11 2 1 9
770 1 4 2 29 2 3 11 2 3 9
770 1 4 2 30 2 3 11 2 2 9
770 1 4 2 31 2 3 11 2 4 9
770 1 4 3 0 2 3 11 2 4 29
770 1 4 3 1 2 3 11 2 2 29
770 1 4 3 2 2 3 11 2 3 29
770 1 4 3 3 2 3 11 2 1 29
770 1 4 3 4 2 3 11 2 4 30
770 1 4 3 5 2 3 11 2 2 30
770 1 4 3 6 2 3 11 2 3 30
770 1 4 3 7 2 3 11 2 1 30
770 1 4 3 8 2 3 11 2 4 31
770 1 4 3 9 2 3 11 2 2 31
770 1 4 3 10 2 3 11 2 3 31
770 1 4 3 11 2 3 11 2 1 31
770 1 4 3 12 2 3 11 2 4 32
770 1 4 3 13 2 3 11 2 2 32
770 1 4 3 14 2 3 11 2 3 32
770 1 4 3 15 2 3 11 2 1 32
770 1 4 3 16 2 3 11 2 1 16
770 1 4 3 17 2 3 11 2 3 16
770 1 4 3 18 2 3 11 2 2 16
770 1 4 3 19 2 3 11 2 4 16
770 1 4 3 20 2 3 11 2 1 15
770 1 4 3 21 2 3 11 2 3 15
770 1 4 3 22 2 3 11 2 2 15
770 1 4 3 23 2 3 11 2 4 15
770 1 4 3 24 2 3 11 2 1 14
770 1 4 3 25 2 3 11 2 3 14
770 1 4 3 26 2 3 11 2 2 14
770 1 4 3 27 2 3 11 2 4 14
770 1 4 3 28 2 3 11 2 1 13
770 1 4 3 29 2 3 11 2 3 13
770 1 4 3 30 2 3 11 2 2 13
770 1 4 3 31 2 3 11 2 4 13
770 1 5 0 0 2 3 11 2 4 49
770 1 5 0 1 2 3 11 2 2 49
770 1 5 0 2 2 3 11 2 3 49
770 1 5 0 3 2 3 11 2 1 49
770 1 5 0 4 2 3 11 2 4 50
770 1 5 0 5 2 3 11 2 2 50
770 1 5 0 6 2 3 11 2 3 50
770 1 5 0 7 2 3 11 2 1 50
770 1 5 0 8 2 3 11 2 4 51
770 1 5 0 9 2 3 11 2 2 51
770 1 5 0 10 2 3 11 2 3 51
770 1 5 0 11 2 3 11 2 1 51
770 1 5 0 12 2 3 11 2 4 52
770 1 5 0 13 2 3 11 2 2 52
770 1 5 0 14 2 3 11 2 3 52
770 1 5 0 15 2 3 11 2 1 52
770 1 5 0 16 2 3 11 2 1 36
770 1 5 0 17 2 3 11 2 3 36
770 1 5 0 18 2 3 11 2 2 36
770 1 5 0 19 2 3 11 2 4 36
770 1 5 0 20 2 3 11 2 1 35
770 1 5 0 21 2 3 11 2 3 35
770 1 5 0 22 2 3 11 2 2 35
770 1 5 0 23 2 3 11 2 4 35
770 1 5 0 24 2 3 11 2 1 34
770 1 5 0 25 2 3 11 2 3 34
770 1 5 0 26 2 3 11 2 2 34
770 1 5 0 27 2 3 11 2 4 34
770 1 5 0 28 2 3 11 2 1 33
770 1 5 0 29 2 3 11 2 3 33
770 1 5 0 30 2 3 11 2 2 33
770 1 5 0 31 2 3 11 2 4 33
770 1 5 1 0 2 3 11 2 4 53
770 1 5 1 1 2 3 11 2 2 53
770 1 5 1 2 2 3 11 2 3 53
770 1 5 1 3 2 3 11 2 1 53
770 1 5 1 4 2 3 11 2 4 54
770 1 5 1 5 2 3 11 2 2 54
770 1 5 1 6 2 3 11 2 3 54
770 1 5 1 7 2 3 11 2 1 54
770 1 5 1 8 2 3 11 2 4 55
770 1 5 1 9 2 3 11 2 2 55
770 1 5 1 10 2 3 11 2 3 55
770 1 5 1 11 2 3 11 2 1 55
770 1 5 1 12 2 3 11 2 4 56
770 1 5 1 13 2 3 11 2 2 56
770 1 5 1 14 2 3 11 2 3 56
770 1 5 1 15 2 3 11 2 1 56
770 1 5 1 16 2 3 11 2 1 40
770 1 5 1 17 2 3 11 2 3 40
770 1 5 1 18 2 3 11 2 2 40
770 1 5 1 19 2 3 11 2 4 40
770 1 5 1 20 2 3 11 2 1 39
770 1 5 1 21 2 3 11 2 3 39
770 1 5 1 22 2 3 11 2 2 39
770 1 5 1 23 2 3 11 2 4 39
770 1 5 1 24 2 3 11 2 1 38
770 1 5 1 25 2 3 11 2 3 38
770 1 5 1 26 2 3 11 2 2 38
770 1 5 1 27 2 3 11 2 4 38
770 1 5 1 28 2 3 11 2 1 37
770 1 5 1 29 2 3 11 2 3 37
770 1 5 1 30 2 3 11 2 2 37
770 1 5 1 31 2 3 11 2 4 37
770 1 5 2 0 2 3 11 2 4 57
770 1 5 2 1 2 3 11 2 2 57
770 1 5 2 2 2 3 11 2 3 57
770 1 5 2 3 2 3 11 2 1 57
770 1 5 2 4 2 3 1 2 4 56
770 1 5 2 5 2 3 1 2 2 56
770 1 5 2 6 2 3 1 2 3 56
770 1 5 2 7 2 3 1 2 1 56
770 1 5 2 8 2 3 1 2 4 55
770 1 5 2 9 2 3 1 2 2 55
770 1 5 2 10 2 3 1 2 3 55
770 1 5 2 11 2 3 1 2 1 55
770 1 5 2 12 2 3 1 2 4 54
770 1 5 2 13 2 3 1 2 2 54
770 1 5 2 14 2 3 1 2 3 54
770 1 5 2 15 2 3 1 2 1 54
770 1 5 2 16 2 3 11 2 1 44
770 1 5 2 17 2 3 11 2 3 44
770 1 5 2 18 2 3 11 2 2 44
770 1 5 2 19 2 3 11 2 4 44
770 1 5 2 20 2 3 11 2 1 43
770 1 5 2 21 2 3 11 2 3 43
770 1 5 2 22 2 3 11 2 2 43
770 1 5 2 23 2 3 11 2 4 43
770 1 5 2 24 2 3 11 2 1 42
770 1 5 2 25 2 3 11 2 3 42
770 1 5 2 26 2 3 11 2 2 42
770 1 5 2 27 2 3 11 2 4 42
770 1 5 2 28 2 3 11 2 1 41
770 1 5 2 29 2 3 11 2 3 41
770 1 5 2 30 2 3 11 2 2 41
770 1 5 2 31 2 3 11 2 4 41
770 1 5 3 0 2 3 1 2 1 48
770 1 5 3 1 2 3 1 2 3 48
770 1 5 3 2 2 3 1 2 2 48
770 1 5 3 3 2 3 1 2 4 48
770 1 5 3 4 2 3 1 2 1 47
770 1 5 3 5 2 3 1 2 3 47
770 1 5 3 6 2 3 1 2 2 47
770 1 5 3 7 2 3 1 2 4 47
770 1 5 3 8 2 3 1 2 1 46
770 1 5 3 9 2 3 1 2 3 46
770 1 5 3 10 2 3 1 2 2 46
770 1 5 3 11 2 3 1 2 4 46
770 1 5 3 12 2 3 1 2 1 45
770 1 5 3 13 2 3 1 2 3 45
770 1 5 3 14 2 3 1 2 2 45
770 1 5 3 15 2 3 1 2 4 45
770 1 5 3 16 2 3 11 2 1 48
770 1 5 3 17 2 3 11 2 3 48
770 1 5 3 18 2 3 11 2 2 48
770 1 5 3 19 2 3 11 2 4 48
770 1 5 3 20 2 3 11 2 1 47
770 1 5 3 21 2 3 11 2 3 47
770 1 5 3 22 2 3 11 2 2 47
770 1 5 3 23 2 3 11 2 4 47
770 1 5 3 24 2 3 11 2 1 46
770 1 5 3 25 2 3 11 2 3 46
770 1 5 3 26 2 3 11 2 2 46
770 1 5 3 27 2 3 11 2 4 46
770 1 5 3 28 2 3 11 2 1 45
770 1 5 3 29 2 3 11 2 3 45
770 1 5 3 30 2 3 11 2 2 45
770 1 5 3 31 2 3 11 2 4 45
770 1 18 0 0 2 3 1 3 4 2
770 1 18 0 1 2 3 1 3 2 2
770 1 18 0 2 2 3 1 3 3 2
770 1 18 0 3 2 3 1 3 1 2
770 1 18 0 4 2 3 9 3 4 2
770 1 18 0 5 2 3 9 3 2 2
770 1 18 0 6 2 3 9 3 3 2
770 1 18 0 7 2 3 9 3 1 2
770 1 18 0 8 2 3 9 3 4 3
770 1 18 0 9 2 3 9 3 2 3
770 1 18 0 10 2 3 9 3 3 3
770 1 18 0 11 2 3 9 3 1 3
770 1 18 0 12 2 3 9 3 4 4
770 1 18 0 13 2 3 9 3 2 4
770 1 18 0 14 2 3 9 3 3 4
770 1 18 0 15 2 3 9 3 1 4
770 1 18 0 16 2 3 8 1 1 4
770 1 18 0 17 2 3 8 1 3 4
770 1 18 0 18 2 3 8 1 2 4
770 1 18 0 19 2 3 8 1 4 4
770 1 18 0 20 2 3 8 1 1 3
770 1 18 0 21 2 3 8 1 3 3
770 1 18 0 22 2 3 8 1 2 3
770 1 18 0 23 2 3 8 1 4 3
770 1 18 0 24 2 3 8 1 1 2
770 1 18 0 25 2 3 8 1 3 2
770 1 18 0 26 2 3 8 1 2 2
770 1 18 0 27 2 3 8 1 4 2
770 1 18 0 28 2 3 1 1 1 2
770 1 18 0 29 2 3 1 1 3 2
770 1 18 0 30 2 3 1 1 2 2
770 1 18 0 31 2 3 1 1 4 2
770 1 18 1 0 2 3 9 3 4 5
770 1 18 1 1 2 3 9 3 2 5
770 1 18 1 2 2 3 9 3 3 5
770 1 18 1 3 2 3 9 3 1 5
770 1 18 1 4 2 3 9 3 4 6
770 1 18 1 5 2 3 9 3 2 6
770 1 18 1 6 2 3 9 3 3 6
770 1 18 1 7 2 3 9 3 1 6
770 1 18 1 8 2 3 9 3 4 7
770 1 18 1 9 2 3 9 3 2 7
770 1 18 1 10 2 3 9 3 3 7
770 1 18 1 11 2 3 9 3 1 7
770 1 18 1 12 2 3 9 3 4 8
770 1 18 1 13 2 3 9 3 2 8
770 1 18 1 14 2 3 9 3 3 8
770 1 18 1 15 2 3 9 3 1 8
770 1 18 1 16 2 3 8 1 1 8
770 1 18 1 17 2 3 8 1 3 8
770 1 18 1 18 2 3 8 1 2 8
770 1 18 1 19 2 3 8 1 4 8
770 1 18 1 20 2 3 8 1 1 7
770 1 18 1 21 2 3 8 1 3 7
770 1 18 1 22 2 3 8 1 2 7
770 1 18 1 23 2 3 8 1 4 7
770 1 18 1 24 2 3 8 1 1 6
770 1 18 1 25 2 3 8 1 3 6
770 1 18 1 26 2 3 8 1 2 6
770 1 18 1 27 2 3 8 1 4 6
770 1 18 1 28 2 3 8 1 1 5
770 1 18 1 29 2 3 8 1 3 5
770 1 18 1 30 2 3 8 1 2 5
770 1 18 1 31 2 3 8 1 4 5
770 1 18 2 0 2 3 9 3 4 9
770 1 18 2 1 2 3 9 3 2 9
770 1 18 2 2 2 3 9 3 3 9
770 1 18 2 3 2 3 9 3 1 9
770 1 18 2 4 2 3 9 3 4 10
770 1 18 2 5 2 3 9 3 2 10
770 1 18 2 6 2 3 9 3 3 10
770 1 18 2 7 2 3 9 3 1 10
770 1 18 2 8 2 3 9 3 4 11
770 1 18 2 9 2 3 9 3 2 11
770 1 18 2 10 2 3 9 3 3 11
770 1 18 2 11 2 3 9 3 1 11
770 1 18 2 12 2 3 9 3 4 12
770 1 18 2 13 2 3 9 3 2 12
770 1 18 2 14 2 3 9 3 3 12
770 1 18 2 15 2 3 9 3 1 12
770 1 18 2 16 2 3 8 1 1 12
770 1 18 2 17 2 3 8 1 3 12
770 1 18 2 18 2 3 8 1 2 12
770 1 18 2 19 2 3 8 1 4 12
770 1 18 2 20 2 3 8 1 1 11
770 1 18 2 21 2 3 8 1 3 11
770 1 18 2 22 2 3 8 1 2 11
770 1 18 2 23 2 3 8 1 4 11
770 1 18 2 24 2 3 8 1 1 10
770 1 18 2 25 2 3 8 1 3 10
770 1 18 2 26 2 3 8 1 2 10
770 1 18 2 27 2 3 8 1 4 10
770 1 18 2 28 2 3 8 1 1 9
770 1 18 2 29 2 3 8 1 3 9
770 1 18 2 30 2 3 8 1 2 9
770 1 18 2 31 2 3 8 1 4 9
770 1 18 3 0 2 3 9 3 4 13
770 1 18 3 1 2 3 9 3 2 13
770 1 18 3 2 2 3 9 3 3 13
770 1 18 3 3 2 3 9 3 1 13
770 1 18 3 4 2 3 9 3 4 14
770 1 18 3 5 2 3 9 3 2 14
770 1 18 3 6 2 3 9 3 3 14
770 1 18 3 7 2 3 9 3 1 14
770 1 18 3 8 2 3 9 3 4 15
770 1 18 3 9 2 3 9 3 2 15
770 1 18 3 10 2 3 9 3 3 15
770 1 18 3 11 2 3 9 3 1 15
770 1 18 3 12 2 3 9 3 4 16
770 1 18 3 13 2 3 9 3 2 16
770 1 18 3 14 2 3 9 3 3 16
770 1 18 3 15 2 3 9 3 1 16
770 1 18 3 16 2 3 8 1 1 16
770 1 18 3 17 2 3 8 1 3 16
770 1 18 3 18 2 3 8 1 2 16
770 1 18 3 19 2 3 8 1 4 16
770 1 18 3 20 2 3 8 1 1 15
770 1 18 3 21 2 3 8 1 3 15
770 1 18 3 22 2 3 8 1 2 15
770 1 18 3 23 2 3 8 1 4 15
770 1 18 3 24 2 3 8 1 1 14
770 1 18 3 25 2 3 8 1 3 14
770 1 18 3 26 2 3 8 1 2 14
770 1 18 3 27 2 3 8 1 4 14
770 1 18 3 28 2 3 8 1 1 13
770 1 18 3 29 2 3 8 1 3 13
770 1 18 3 30 2 3 8 1 2 13
770 1 18 3 31 2 3 8 1 4 13
770 1 19 0 0 2 3 9 3 4 17
770 1 19 0 1 2 3 9 3 2 17
770 1 19 0 2 2 3 9 3 3 17
770 1 19 0 3 2 3 9 3 1 17
770 1 19 0 4 2 3 9 3 4 18
770 1 19 0 5 2 3 9 3 2 18
770 1 19 0 6 2 3 9 3 3 18
770 1 19 0 7 2 3 9 3 1 18
770 1 19 0 8 2 3 9 3 4 19
770 1 19 0 9 2 3 9 3 2 19
770 1 19 0 10 2 3 9 3 3 19
770 1 19 0 11 2 3 9 3 1 19
770 1 19 0 12 2 3 9 3 4 20
770 1 19 0 13 2 3 9 3 2 20
770 1 19 0 14 2 3 9 3 3 20
770 1 19 0 15 2 3 9 3 1 20
770 1 19 0 16 2 3 8 1 1 20
770 1 19 0 17 2 3 8 1 3 20
770 1 19 0 18 2 3 8 1 2 20
770 1 19 0 19 2 3 8 1 4 20
770 1 19 0 20 2 3 8 1 1 19
770 1 19 0 21 2 3 8 1 3 19
770 1 19 0 22 2 3 8 1 2 19
770 1 19 0 23 2 3 8 1 4 19
770 1 19 0 24 2 3 8 1 1 18
770 1 19 0 25 2 3 8 1 3 18
770 1 19 0 26 2 3 8 1 2 18
770 1 19 0 27 2 3 8 1 4 18
770 1 19 0 28 2 3 8 1 1 17
770 1 19 0 29 2 3 8 1 3 17
770 1 19 0 30 2 3 8 1 2 17
770 1 19 0 31 2 3 8 1 4 17
770 1 19 1 0 2 3 9 3 4 21
770 1 19 1 1 2 3 9 3 2 21
770 1 19 1 2 2 3 9 3 3 21
770 1 19 1 3 2 3 9 3 1 21
770 1 19 1 4 2 3 9 3 4 22
770 1 19 1 5 2 3 9 3 2 22
770 1 19 1 6 2 3 9 3 3 22
770 1 19 1 7 2 3 9 3 1 22
770 1 19 1 8 2 3 9 3 4 23
770 1 19 1 9 2 3 9 3 2 23
770 1 19 1 10 2 3 9 3 3 23
770 1 19 1 11 2 3 9 3 1 23
770 1 19 1 12 2 3 9 3 4 24
770 1 19 1 13 2 3 9 3 2 24
770 1 19 1 14 2 3 9 3 3 24
770 1 19 1 15 2 3 9 3 1 24
770 1 19 1 16 2 3 8 1 1 24
770 1 19 1 17 2 3 8 1 3 24
770 1 19 1 18 2 3 8 1 2 24
770 1 19 1 19 2 3 8 1 4 24
770 1 19 1 20 2 3 8 1 1 23
770 1 19 1 21 2 3 8 1 3 23
770 1 19 1 22 2 3 8 1 2 23
770 1 19 1 23 2 3 8 1 4 23
770 1 19 1 24 2 3 8 1 1 22
770 1 19 1 25 2 3 8 1 3 22
770 1 19 1 26 2 3 8 1 2 22
770 1 19 1 27 2 3 8 1 4 22
770 1 19 1 28 2 3 8 1 1 21
770 1 19 1 29 2 3 8 1 3 21
770 1 19 1 30 2 3 8 1 2 21
770 1 19 1 31 2 3 8 1 4 21
770 1 19 2 0 2 3 9 3 4 25
770 1 19 2 1 2 3 9 3 2 25
770 1 19 2 2 2 3 9 3 3 25
770 1 19 2 3 2 3 9 3 1 25
770 1 19 2 4 2 3 9 3 4 26
770 1 19 2 5 2 3 9 3 2 26
770 1 19 2 6 2 3 9 3 3 26
770 1 19 2 7 2 3 9 3 1 26
770 1 19 2 8 2 3 9 3 4 27
770 1 19 2 9 2 3 9 3 2 27
770 1 19 2 10 2 3 9 3 3 27
770 1 19 2 11 2 3 9 3 1 27
770 1 19 2 12 2 3 9 3 4 28
770 1 19 2 13 2 3 9 3 2 28
770 1 19 2 14 2 3 9 3 3 28
770 1 19 2 15 2 3 9 3 1 28
770 1 19 2 16 2 3 8 1 1 28
770 1 19 2 17 2 3 8 1 3 28
770 1 19 2 18 2 3 8 1 2 28
770 1 19 2 19 2 3 8 1 4 28
770 1 19 2 20 2 3 8 1 1 27
770 1 19 2 21 2 3 8 1 3 27
770 1 19 2 22 2 3 8 1 2 27
770 1 19 2 23 2 3 8 1 4 27
770 1 19 2 24 2 3 8 1 1 26
770 1 19 2 25 2 3 8 1 3 26
770 1 19 2 26 2 3 8 1 2 26
770 1 19 2 27 2 3 8 1 4 26
770 1 19 2 28 2 3 8 1 1 25
770 1 19 2 29 2 3 8 1 3 25
770 1 19 2 30 2 3 8 1 2 25
770 1 19 2 31 2 3 8 1 4 25
770 1 19 3 0 2 3 9 3 4 29
770 1 19 3 1 2 3 9 3 2 29
770 1 19 3 2 2 3 9 3 3 29
770 1 19 3 3 2 3 9 3 1 29
770 1 19 3 4 2 3 9 3 4 30
770 1 19 3 5 2 3 9 3 2 30
770 1 19 3 6 2 3 9 3 3 30
770 1 19 3 7 2 3 9 3 1 30
770 1 19 3 8 2 3 9 3 4 31
770 1 19 3 9 2 3 9 3 2 31
770 1 19 3 10 2 3 9 3 3 31
770 1 19 3 11 2 3 9 3 1 31
770 1 19 3 12 2 3 9 3 4 32
770 1 19 3 13 2 3 9 3 2 32
770 1 19 3 14 2 3 9 3 3 32
770 1 19 3 15 2 3 9 3 1 32
770 1 19 3 16 2 3 8 1 1 32
770 1 19 3 17 2 3 8 1 3 32
770 1 19 3 18 2 3 8 1 2 32
770 1 19 3 19 2 3 8 1 4 32
770 1 19 3 20 2 3 8 1 1 31
770 1 19 3 21 2 3 8 1 3 31
770 1 19 3 22 2 3 8 1 2 31
770 1 19 3 23 2 3 8 1 4 31
770 1 19 3 24 2 3 8 1 1 30
770 1 19 3 25 2 3 8 1 3 30
770 1 19 3 26 2 3 8 1 2 30
770 1 19 3 27 2 3 8 1 4 30
770 1 19 3 28 2 3 8 1 1 29
770 1 19 3 29 2 3 8 1 3 29
770 1 19 3 30 2 3 8 1 2 29
770 1 19 3 31 2 3 8 1 4 29
770 1 21 0 0 2 3 9 3 4 33
770 1 21 0 1 2 3 9 3 2 33
770 1 21 0 2 2 3 9 3 3 33
770 1 21 0 3 2 3 9 3 1 33
770 1 21 0 4 2 3 9 3 4 34
770 1 21 0 5 2 3 9 3 2 34
770 1 21 0 6 2 3 9 3 3 34
770 1 21 0 7 2 3 9 3 1 34
770 1 21 0 8 2 3 9 3 4 35
770 1 21 0 9 2 3 9 3 2 35
770 1 21 0 10 2 3 9 3 3 35
770 1 21 0 11 2 3 9 3 1 35
770 1 21 0 12 2 3 9 3 4 36
770 1 21 0 13 2 3 9 3 2 36
770 1 21 0 14 2 3 9 3 3 36
770 1 21 0 15 2 3 9 3 1 36
770 1 21 0 16 2 3 8 1 1 36
770 1 21 0 17 2 3 8 1 3 36
770 1 21 0 18 2 3 8 1 2 36
770 1 21 0 19 2 3 8 1 4 36
770 1 21 0 20 2 3 8 1 1 35
770 1 21 0 21 2 3 8 1 3 35
770 1 21 0 22 2 3 8 1 2 35
770 1 21 0 23 2 3 8 1 4 35
770 1 21 0 24 2 3 8 1 1 34
770 1 21 0 25 2 3 8 1 3 34
770 1 21 0 26 2 3 8 1 2 34
770 1 21 0 27 2 3 8 1 4 34
770 1 21 0 28 2 3 8 1 1 33
770 1 21 0 29 2 3 8 1 3 33
770 1 21 0 30 2 3 8 1 2 33
770 1 21 0 31 2 3 8 1 4 33
770 1 21 1 0 2 3 9 3 4 37
770 1 21 1 1 2 3 9 3 2 37
770 1 21 1 2 2 3 9 3 3 37
770 1 21 1 3 2 3 9 3 1 37
770 1 21 1 4 2 3 9 3 4 38
770 1 21 1 5 2 3 9 3 2 38
770 1 21 1 6 2 3 9 3 3 38
770 1 21 1 7 2 3 9 3 1 38
770 1 21 1 8 2 3 9 3 4 39
770 1 21 1 9 2 3 9 3 2 39
770 1 21 1 10 2 3 9 3 3 39
770 1 21 1 11 2 3 9 3 1 39
770 1 21 1 12 2 3 9 3 4 40
770 1 21 1 13 2 3 9 3 2 40
770 1 21 1 14 2 3 9 3 3 40
770 1 21 1 15 2 3 9 3 1 40
770 1 21 1 16 2 3 8 1 1 40
770 1 21 1 17 2 3 8 1 3 40
770 1 21 1 18 2 3 8 1 2 40
770 1 21 1 19 2 3 8 1 4 40
770 1 21 1 20 2 3 8 1 1 39
770 1 21 1 21 2 3 8 1 3 39
770 1 21 1 22 2 3 8 1 2 39
770 1 21 1 23 2 3 8 1 4 39
770 1 21 1 24 2 3 8 1 1 38
770 1 21 1 25 2 3 8 1 3 38
770 1 21 1 26 2 3 8 1 2 38
770 1 21 1 27 2 3 8 1 4 38
770 1 21 1 28 2 3 8 1 1 37
770 1 21 1 29 2 3 8 1 3 37
770 1 21 1 30 2 3 8 1 2 37
770 1 21 1 31 2 3 8 1 4 37
770 1 21 2 0 2 3 9 3 4 41
770 1 21 2 1 2 3 9 3 2 41
770 1 21 2 2 2 3 9 3 3 41
770 1 21 2 3 2 3 9 3 1 41
770 1 21 2 4 2 3 9 3 4 42
770 1 21 2 5 2 3 9 3 2 42
770 1 21 2 6 2 3 9 3 3 42
770 1 21 2 7 2 3 9 3 1 42
770 1 21 2 8 2 3 9 3 4 43
770 1 21 2 9 2 3 9 3 2 43
770 1 21 2 10 2 3 9 3 3 43
770 1 21 2 11 2 3 9 3 1 43
770 1 21 2 12 2 3 9 3 4 44
770 1 21 2 13 2 3 9 3 2 44
770 1 21 2 14 2 3 9 3 3 44
770 1 21 2 15 2 3 9 3 1 44
770 1 21 2 16 2 3 8 1 1 44
770 1 21 2 17 2 3 8 1 3 44
770 1 21 2 18 2 3 8 1 2 44
770 1 21 2 19 2 3 8 1 4 44
770 1 21 2 20 2 3 8 1 1 43
770 1 21 2 21 2 3 8 1 3 43
770 1 21 2 22 2 3 8 1 2 43
770 1 21 2 23 2 3 8 1 4 43
770 1 21 2 24 2 3 8 1 1 42
770 1 21 2 25 2 3 8 1 3 42
770 1 21 2 26 2 3 8 1 2 42
770 1 21 2 27 2 3 8 1 4 42
770 1 21 2 28 2 3 8 1 1 41
770 1 21 2 29 2 3 8 1 3 41
770 1 21 2 30 2 3 8 1 2 41
770 1 21 2 31 2 3 8 1 4 41
770 1 21 3 0 2 3 9 3 4 45
770 1 21 3 1 2 3 9 3 2 45
770 1 21 3 2 2 3 9 3 3 45
770 1 21 3 3 2 3 9 3 1 45
770 1 21 3 4 2 3 9 3 4 46
770 1 21 3 5 2 3 9 3 2 46
770 1 21 3 6 2 3 9 3 3 46
770 1 21 3 7 2 3 9 3 1 46
770 1 21 3 8 2 3 9 3 4 47
770 1 21 3 9 2 3 9 3 2 47
770 1 21 3 10 2 3 9 3 3 47
770 1 21 3 11 2 3 9 3 1 47
770 1 21 3 12 2 3 9 3 4 48
770 1 21 3 13 2 3 9 3 2 48
770 1 21 3 14 2 3 9 3 3 48
770 1 21 3 15 2 3 9 3 1 48
770 1 21 3 16 2 3 8 1 1 48
770 1 21 3 17 2 3 8 1 3 48
770 1 21 3 18 2 3 8 1 2 48
770 1 21 3 19 2 3 8 1 4 48
770 1 21 3 20 2 3 8 1 1 47
770 1 21 3 21 2 3 8 1 3 47
770 1 21 3 22 2 3 8 1 2 47
770 1 21 3 23 2 3 8 1 4 47
770 1 21 3 24 2 3 8 1 1 46
770 1 21 3 25 2 3 8 1 3 46
770 1 21 3 26 2 3 8 1 2 46
770 1 21 3 27 2 3 8 1 4 46
770 1 21 3 28 2 3 8 1 1 45
770 1 21 3 29 2 3 8 1 3 45
770 1 21 3 30 2 3 8 1 2 45
770 1 21 3 31 2 3 8 1 4 45
770 1 22 0 0 2 3 9 3 4 49
770 1 22 0 1 2 3 9 3 2 49
770 1 22 0 2 2 3 9 3 3 49
770 1 22 0 3 2 3 9 3 1 49
770 1 22 0 4 2 3 9 3 4 50
770 1 22 0 5 2 3 9 3 2 50
770 1 22 0 6 2 3 9 3 3 50
770 1 22 0 7 2 3 9 3 1 50
770 1 22 0 8 2 3 9 3 4 51
770 1 22 0 9 2 3 9 3 2 51
770 1 22 0 10 2 3 9 3 3 51
770 1 22 0 11 2 3 9 3 1 51
770 1 22 0 12 2 3 9 3 4 52
770 1 22 0 13 2 3 9 3 2 52
770 1 22 0 14 2 3 9 3 3 52
770 1 22 0 15 2 3 9 3 1 52
770 1 22 0 16 2 3 8 1 1 52
770 1 22 0 17 2 3 8 1 3 52
770 1 22 0 18 2 3 8 1 2 52
770 1 22 0 19 2 3 8 1 4 52
770 1 22 0 20 2 3 8 1 1 51
770 1 22 0 21 2 3 8 1 3 51
770 1 22 0 22 2 3 8 1 2 51
770 1 22 0 23 2 3 8 1 4 51
770 1 22 0 24 2 3 8 1 1 50
770 1 22 0 25 2 3 8 1 3 50
770 1 22 0 26 2 3 8 1 2 50
770 1 22 0 27 2 3 8 1 4 50
770 1 22 0 28 2 3 8 1 1 49
770 1 22 0 29 2 3 8 1 3 49
770 1 22 0 30 2 3 8 1 2 49
770 1 22 0 31 2 3 8 1 4 49
770 1 22 1 0 2 3 9 3 4 53
770 1 22 1 1 2 3 9 3 2 53
770 1 22 1 2 2 3 9 3 3 53
770 1 22 1 3 2 3 9 3 1 53
770 1 22 1 4 2 3 9 3 4 54
770 1 22 1 5 2 3 9 3 2 54
770 1 22 1 6 2 3 9 3 3 54
770 1 22 1 7 2 3 9 3 1 54
770 1 22 1 8 2 3 9 3 4 55
770 1 22 1 9 2 3 9 3 2 55
770 1 22 1 10 2 3 9 3 3 55
770 1 22 1 11 2 3 9 3 1 55
770 1 22 1 12 2 3 9 3 4 56
770 1 22 1 13 2 3 9 3 2 56
770 1 22 1 14 2 3 9 3 3 56
770 1 22 1 15 2 3 9 3 1 56
770 1 22 1 16 2 3 8 1 1 56
770 1 22 1 17 2 3 8 1 3 56
770 1 22 1 18 2 3 8 1 2 56
770 1 22 1 19 2 3 8 1 4 56
770 1 22 1 20 2 3 8 1 1 55
770 1 22 1 21 2 3 8 1 3 55
770 1 22 1 22 2 3 8 1 2 55
770 1 22 1 23 2 3 8 1 4 55
770 1 22 1 24 2 3 8 1 1 54
770 1 22 1 25 2 3 8 1 3 54
770 1 22 1 26 2 3 8 1 2 54
770 1 22 1 27 2 3 8 1 4 54
770 1 22 1 28 2 3 8 1 1 53
770 1 22 1 29 2 3 8 1 3 53
770 1 22 1 30 2 3 8 1 2 53
770 1 22 1 31 2 3 8 1 4 53
770 1 22 2 0 2 3 9 3 4 57
770 1 22 2 1 2 3 9 3 2 57
770 1 22 2 2 2 3 9 3 3 57
770 1 22 2 3 2 3 9 3 1 57
770 1 22 2 4 2 3 9 3 4 58
770 1 22 2 5 2 3 9 3 2 58
770 1 22 2 6 2 3 9 3 3 58
770 1 22 2 7 2 3 9 3 1 58
770 1 22 2 8 2 3 9 3 4 59
770 1 22 2 9 2 3 9 3 2 59
770 1 22 2 10 2 3 9 3 3 59
770 1 22 2 11 2 3 9 3 1 59
770 1 22 2 12 2 3 9 3 4 60
770 1 22 2 13 2 3 9 3 2 60
770 1 22 2 14 2 3 9 3 3 60
770 1 22 2 15 2 3 9 3 1 60
770 1 22 2 16 2 3 8 1 1 60
770 1 22 2 17 2 3 8 1 3 60
770 1 22 2 18 2 3 8 1 2 60
770 1 22 2 19 2 3 8 1 4 60
770 1 22 2 20 2 3 8 1 1 59
770 1 22 2 21 2 3 8 1 3 59
770 1 22 2 22 2 3 8 1 2 59
770 1 22 2 23 2 3 8 1 4 59
770 1 22 2 24 2 3 8 1 1 58
770 1 22 2 25 2 3 8 1 3 58
770 1 22 2 26 2 3 8 1 2 58
770 1 22 2 27 2 3 8 1 4 58
770 1 22 2 28 2 3 8 1 1 57
770 1 22 2 29 2 3 8 1 3 57
770 1 22 2 30 2 3 8 1 2 57
770 1 22 2 31 2 3 8 1 4 57
770 1 22 3 0 2 3 9 3 4 61
770 1 22 3 1 2 3 9 3 2 61
770 1 22 3 2 2 3 9 3 3 61
770 1 22 3 3 2 3 9 3 1 61
770 1 22 3 4 2 3 9 3 4 62
770 1 22 3 5 2 3 9 3 2 62
770 1 22 3 6 2 3 9 3 3 62
770 1 22 3 7 2 3 9 3 1 62
770 1 22 3 8 2 3 9 3 4 63
770 1 22 3 9 2 3 9 3 2 63
770 1 22 3 10 2 3 9 3 3 63
770 1 22 3 11 2 3 9 3 1 63
770 1 22 3 12 2 3 9 3 4 64
770 1 22 3 13 2 3 9 3 2 64
770 1 22 3 14 2 3 9 3 3 64
770 1 22 3 15 2 3 9 3 1 64
770 1 22 3 16 2 3 8 1 1 64
770 1 22 3 17 2 3 8 1 3 64
770 1 22 3 18 2 3 8 1 2 64
770 1 22 3 19 2 3 8 1 4 64
770 1 22 3 20 2 3 8 1 1 63
770 1 22 3 21 2 3 8 1 3 63
770 1 22 3 22 2 3 8 1 2 63
770 1 22 3 23 2 3 8 1 4 63
770 1 22 3 24 2 3 8 1 1 62
770 1 22 3 25 2 3 8 1 3 62
770 1 22 3 26 2 3 8 1 2 62
770 1 22 3 27 2 3 8 1 4 62
770 1 22 3 28 2 3 8 1 1 61
770 1 22 3 29 2 3 8 1 3 61
770 1 22 3 30 2 3 8 1 2 61
770 1 22 3 31 2 3 8 1 4 61
770 1 23 0 0 2 3 9 3 4 65
770 1 23 0 1 2 3 9 3 2 65
770 1 23 0 2 2 3 9 3 3 65
770 1 23 0 3 2 3 9 3 1 65
770 1 23 0 4 2 3 9 3 4 66
770 1 23 0 5 2 3 9 3 2 66
770 1 23 0 6 2 3 9 3 3 66
770 1 23 0 7 2 3 9 3 1 66
770 1 23 0 8 2 3 9 3 4 67
770 1 23 0 9 2 3 9 3 2 67
770 1 23 0 10 2 3 9 3 3 67
770 1 23 0 11 2 3 9 3 1 67
770 1 23 0 12 2 3 9 3 4 68
770 1 23 0 13 2 3 9 3 2 68
770 1 23 0 14 2 3 9 3 3 68
770 1 23 0 15 2 3 9 3 1 68
770 1 23 0 16 2 3 8 1 1 68
770 1 23 0 17 2 3 8 1 3 68
770 1 23 0 18 2 3 8 1 2 68
770 1 23 0 19 2 3 8 1 4 68
770 1 23 0 20 2 3 8 1 1 67
770 1 23 0 21 2 3 8 1 3 67
770 1 23 0 22 2 3 8 1 2 67
770 1 23 0 23 2 3 8 1 4 67
770 1 23 0 24 2 3 8 1 1 66
770 1 23 0 25 2 3 8 1 3 66
770 1 23 0 26 2 3 8 1 2 66
770 1 23 0 27 2 3 8 1 4 66
770 1 23 0 28 2 3 8 1 1 65
770 1 23 0 29 2 3 8 1 3 65
770 1 23 0 30 2 3 8 1 2 65
770 1 23 0 31 2 3 8 1 4 65
770 1 23 1 0 2 3 9 3 4 69
770 1 23 1 1 2 3 9 3 2 69
770 1 23 1 2 2 3 9 3 3 69
770 1 23 1 3 2 3 9 3 1 69
770 1 23 1 4 2 3 9 3 4 70
770 1 23 1 5 2 3 9 3 2 70
770 1 23 1 6 2 3 9 3 3 70
770 1 23 1 7 2 3 9 3 1 70
770 1 23 1 8 2 3 9 3 4 71
770 1 23 1 9 2 3 9 3 2 71
770 1 23 1 10 2 3 9 3 3 71
770 1 23 1 11 2 3 9 3 1 71
770 1 23 1 12 2 3 1 3 4 71
770 1 23 1 13 2 3 1 3 2 71
770 1 23 1 14 2 3 1 3 3 71
770 1 23 1 15 2 3 1 3 1 71
770 1 23 1 16 2 3 1 1 1 71
770 1 23 1 17 2 3 1 1 3 71
770 1 23 1 18 2 3 1 1 2 71
770 1 23 1 19 2 3 1 1 4 71
770 1 23 1 20 2 3 8 1 1 71
770 1 23 1 21 2 3 8 1 3 71
770 1 23 1 22 2 3 8 1 2 71
770 1 23 1 23 2 3 8 1 4 71
770 1 23 1 24 2 3 8 1 1 70
770 1 23 1 25 2 3 8 1 3 70
770 1 23 1 26 2 3 8 1 2 70
770 1 23 1 27 2 3 8 1 4 70
770 1 23 1 28 2 3 8 1 1 69
770 1 23 1 29 2 3 8 1 3 69
770 1 23 1 30 2 3 8 1 2 69
770 1 23 1 31 2 3 8 1 4 69
770 1 23 2 0 2 3 9 3 3 72
770 1 23 2 1 2 3 1 3 2 80
770 1 23 2 2 2 3 9 3 4 72
770 1 23 2 3 2 3 1 3 1 80
770 1 23 2 4 2 3 9 3 3 73
770 1 23 2 5 2 3 1 3 2 80
770 1 23 2 6 2 3 9 3 4 73
770 1 23 2 7 2 3 1 3 1 80
770 1 23 2 8 2 3 9 3 3 74
770 1 23 2 9 2 3 1 3 2 80
770 1 23 2 10 2 3 9 3 4 74
770 1 23 2 11 2 3 1 3 1 80
770 1 23 2 12 2 3 9 3 3 75
770 1 23 2 13 2 3 1 3 2 80
770 1 23 2 14 2 3 9 3 4 75
770 1 23 2 15 2 3 9 3 3 76
770 1 23 2 16 2 3 1 1 1 80
770 1 23 2 17 2 3 1 1 3 80
770 1 23 2 18 2 3 1 1 2 80
770 1 23 2 19 2 3 1 1 4 80
770 1 23 2 20 2 3 1 1 1 80
770 1 23 2 21 2 3 1 1 3 80
770 1 23 2 22 2 3 1 1 2 80
770 1 23 2 23 2 3 1 1 4 80
770 1 23 2 24 2 3 1 1 1 80
770 1 23 2 25 2 3 1 1 3 80
770 1 23 2 26 2 3 1 1 2 80
770 1 23 2 27 2 3 1 1 4 80
770 1 23 2 28 2 3 1 1 1 80
770 1 23 2 29 2 3 1 1 3 80
770 1 23 2 30 2 3 1 1 2 80
770 1 23 2 31 2 3 1 1 4 80
770 1 23 3 0 2 3 9 3 1 72
770 1 23 3 1 2 3 1 3 2 80
770 1 23 3 2 2 3 9 3 2 72
770 1 23 3 3 2 3 1 3 1 80
770 1 23 3 4 2 3 9 3 1 73
770 1 23 3 5 2 3 1 3 2 80
770 1 23 3 6 2 3 9 3 2 73
770 1 23 3 7 2 3 1 3 1 80
770 1 23 3 8 2 3 9 3 1 74
770 1 23 3 9 2 3 1 3 2 80
770 1 23 3 10 2 3 9 3 2 74
770 1 23 3 11 2 3 1 3 1 80
770 1 23 3 12 2 3 9 3 1 75
770 1 23 3 13 2 3 1 3 2 80
770 1 23 3 14 2 3 9 3 2 75
770 1 23 3 15 2 3 9 3 1 76
770 1 23 3 16 2 3 1 1 1 80
770 1 23 3 17 2 3 1 1 3 80
770 1 23 3 18 2 3 1 1 2 80
770 1 23 3 19 2 3 1 1 4 80
770 1 23 3 20 2 3 1 1 1 80
770 1 23 3 21 2 3 1 1 3 80
770 1 23 3 22 2 3 1 1 2 80
770 1 23 3 23 2 3 1 1 4 80
770 1 23 3 24 2 3 1 1 1 80
770 1 23 3 25 2 3 1 1 3 80
770 1 23 3 26 2 3 1 1 2 80
770 1 23 3 27 2 3 1 1 4 80
770 1 23 3 28 2 3 1 1 1 80
770 1 23 3 29 2 3 1 1 3 80
770 1 23 3 30 2 3 1 1 2 80
770 1 23 3 31 2 3 1 1 4 80
